%YAML:1.0
---
matrix: !!opencv-matrix
   rows: 1
   cols: 512
   dt: f
   data: [ -7.69772530e-02, 4.19069491e-02, -7.98282474e-02,
       7.77803035e-03, -5.68304472e-02, -3.03406697e-02, -2.20704321e-02,
       1.74823981e-02, 3.20843942e-02, -4.05842476e-02, -1.28130065e-02,
       3.90092656e-02, 2.88444366e-02, 3.30100283e-02, -3.90485115e-02,
       -4.75099534e-02, -3.18490975e-02, 2.85691041e-02, 2.09825300e-02,
       -1.27644399e-02, -7.60168629e-03, 8.71738326e-03, -4.35804948e-03,
       1.07000992e-02, -6.38359115e-02, -5.97162768e-02, 3.69730070e-02,
       6.91745505e-02, 2.54091024e-02, 2.30662711e-03, 3.99792530e-02,
       -1.75226538e-03, 2.25738268e-02, -2.27720421e-02, 4.10209820e-02,
       6.09678365e-02, -5.70959896e-02, -8.97792168e-04, 7.08637983e-02,
       5.31773567e-02, 4.08950225e-02, -3.80058065e-02, -9.64270085e-02,
       3.54210027e-02, 7.65009001e-02, 1.52928801e-02, -5.28724790e-02,
       -6.83746440e-03, -7.64264315e-02, 2.41138153e-02, 3.19581851e-02,
       4.80460282e-03, 5.25876619e-02, 3.07986438e-02, -5.96916536e-03,
       2.30398886e-02, 6.90850168e-02, -1.70003287e-02, 3.87323722e-02,
       3.54368947e-02, -8.53757467e-03, 4.95867319e-02, -7.11309165e-03,
       1.49479806e-02, -1.49316154e-02, -7.58692697e-02, -5.42662479e-02,
       1.52433217e-02, -1.05203815e-01, 2.38094921e-03, -1.04731210e-02,
       2.91569275e-03, 2.28765663e-02, -4.16231602e-02, -2.63537951e-02,
       6.59657195e-02, -2.15923209e-02, -1.84456781e-02, 2.32088636e-03,
       -5.55953458e-02, 1.83707066e-02, 2.20657196e-02, -5.63516729e-02,
       -1.31525816e-02, -2.71222610e-02, -2.38602180e-02,
       -1.70020983e-02, -7.30129778e-02, -1.47046894e-02, 2.33252775e-02,
       -7.41199553e-02, -6.81343228e-02, -6.84399232e-02, 4.57273535e-02,
       6.90007880e-02, -2.10917760e-02, -9.28695966e-03, 2.21874546e-02,
       -2.26322729e-02, -6.38022050e-02, -8.05372298e-02, 1.14518218e-01,
       -1.50652668e-02, 8.78130272e-03, 7.51395291e-03, 4.59747463e-02,
       -2.02448610e-02, -1.80592039e-03, 3.77278626e-02, 6.90964833e-02,
       -4.81454935e-03, -4.77728806e-02, 7.38900751e-02, -2.72352751e-02,
       -6.95479214e-02, -1.61946807e-02, -6.88621923e-02, 2.57106088e-02,
       5.57317398e-02, -3.61598805e-02, 2.48629134e-02, 5.09021012e-03,
       6.87645301e-02, -3.61362584e-02, 9.02292356e-02, 5.31218983e-02,
       -3.86817046e-02, 2.27194782e-02, 3.05525437e-02, -3.87420319e-02,
       -1.20042069e-02, -9.61924437e-03, 1.85474548e-02, 4.70702611e-02,
       -1.78347789e-02, -3.27905118e-02, 1.66327879e-02, -5.47665134e-02,
       -8.95126164e-02, 1.84462778e-02, -3.31020765e-02, -8.49929005e-02,
       -3.51702399e-03, 1.21944528e-02, 8.66772756e-02, 7.61681050e-02,
       -9.76041332e-02, 2.01556087e-02, 1.65490562e-03, 2.53329985e-02,
       -4.85830940e-02, 1.66273713e-02, 4.02707979e-02, -5.32712927e-03,
       7.57226069e-03, 2.32733581e-02, 6.96768239e-03, 2.18611993e-02,
       1.88330691e-02, 2.89604086e-02, -6.82620183e-02, 3.99997793e-02,
       3.17486329e-03, 1.33958049e-02, -5.47736958e-02, -4.09940816e-03,
       1.08721070e-02, -4.05800454e-02, 1.43451579e-02, -1.19365998e-01,
       -1.53129119e-02, -2.35708393e-02, -8.41911137e-02, 4.75976467e-02,
       -3.71618755e-02, -2.31038090e-02, 2.85690222e-02, 2.92202551e-02,
       -5.99565357e-02, -1.06802389e-01, 6.62876992e-03, -2.32148226e-02,
       9.17110965e-02, -7.15153813e-02, -1.29548302e-02, -4.04384993e-02,
       8.07288662e-03, 3.87839302e-02, 4.24838625e-02, -3.02316733e-02,
       -4.65490222e-02, -3.39916605e-03, 1.07997544e-01, -4.81151193e-02,
       -4.38916236e-02, 4.27533314e-02, -3.31352390e-02, -7.46486988e-03,
       3.00178267e-02, 3.32957692e-02, 5.98441064e-02, 4.63792533e-02,
       1.69171188e-02, 2.17575505e-02, -3.76162976e-02, 1.18100671e-02,
       1.03209704e-01, 3.04318536e-02, -9.63089764e-02, 7.88722709e-02,
       -4.76207472e-02, -4.90760617e-03, -7.31837703e-03, 2.44546942e-02,
       -6.28216192e-02, -3.92493568e-02, 3.54207605e-02, 6.85856864e-02,
       -1.23768337e-02, -1.29975257e-02, 4.30503441e-03, 2.46218927e-02,
       1.20733529e-01, 3.59028094e-02, 3.69393155e-02, 3.95209566e-02,
       2.60481667e-02, 2.63061300e-02, -3.56791094e-02, 4.18096855e-02,
       -6.51835324e-03, -7.93356914e-03, -3.14777829e-02,
       -4.75646742e-02, -2.25019790e-02, -5.59983514e-02,
       -2.54225545e-02, -2.63022017e-02, 3.54491659e-02, 1.81860439e-02,
       -7.36785959e-03, 2.23654998e-03, -1.01572927e-02, -1.30774379e-02,
       1.77626424e-02, 4.12395485e-02, -1.18998751e-01, 3.65838110e-02,
       -7.19779357e-02, 5.14601870e-03, -1.42183667e-02, 1.84473339e-02,
       -5.35065234e-02, -6.07912950e-02, 3.69673595e-02, -6.14701957e-02,
       1.84092298e-02, 6.08636811e-02, 9.20369104e-02, 2.85323430e-02,
       -3.42873037e-02, 1.43938754e-02, -8.66997167e-02, 1.66593995e-02,
       -4.62165773e-02, -3.18462141e-02, -3.57047492e-03,
       -4.70262319e-02, -8.58849660e-03, -1.07873892e-02,
       -1.84012242e-02, 1.53527036e-02, 6.01281077e-02, 3.22402902e-02,
       4.51826630e-03, 1.06991753e-02, -6.60362691e-02, 4.75107022e-02,
       -4.32656556e-02, -1.06541462e-01, -2.23293025e-02,
       -7.29194283e-02, 5.52778365e-03, -2.62221172e-02, -3.96722695e-03,
       -8.62191990e-03, 4.03356776e-02, 7.24845054e-03, 7.72307888e-02,
       -8.57754722e-02, -9.85809714e-02, -1.04764169e-02, 8.43447261e-03,
       4.55556512e-02, -1.70294952e-03, 1.22288596e-02, 4.09917608e-02,
       -2.63295677e-02, 2.11682227e-02, -3.17301564e-02, -7.73459002e-02,
       3.74497958e-02, 2.19732933e-02, 3.09175365e-02, -2.67070886e-02,
       -3.01142037e-03, 7.08719045e-02, -4.40490730e-02, -5.25799654e-02,
       6.98048100e-02, -7.76363630e-03, -3.09097897e-02, -8.67029093e-03,
       7.99776521e-03, -3.97865064e-02, 1.02361143e-01, 4.41796333e-02,
       1.88273285e-02, 3.36800776e-02, -8.39671418e-02, -3.57652013e-03,
       1.06645413e-02, 2.36843992e-02, -3.50157470e-02, 1.49870971e-02,
       6.09525405e-02, -1.58702652e-03, -3.65167484e-02, -3.34267714e-03,
       -2.29723230e-02, -5.57507128e-02, 2.82171108e-02, -4.86930832e-02,
       -2.59954389e-02, -4.94071469e-02, -9.21833236e-03,
       -1.22935669e-02, 6.74232692e-02, 2.03515287e-03, 2.21338905e-02,
       -9.55998991e-03, -9.60277487e-03, -2.70548072e-02,
       -9.82038081e-02, -8.94969213e-04, -1.36888074e-02,
       -1.10611789e-01, -6.34836778e-02, -3.30642052e-02, 9.20864940e-03,
       -3.54100987e-02, 3.24988514e-02, -4.12932262e-02, -6.87816441e-02,
       3.13320421e-02, -4.22590412e-02, 1.89855676e-02, 1.78271066e-02,
       1.11830616e-02, -3.33801992e-02, 4.07083239e-03, -8.73457566e-02,
       1.71809550e-02, 6.53258041e-02, 1.76110119e-02, 2.59759370e-03,
       -5.83420619e-02, 3.43415663e-02, -1.83968358e-02, 4.81927209e-03,
       7.73634166e-02, -3.62092033e-02, -4.12666723e-02, -7.06054643e-02,
       5.85486181e-02, -4.08259258e-02, 4.40497324e-02, 2.89738877e-03,
       1.13823721e-02, 2.34274380e-02, 3.32666524e-02, -7.35271424e-02,
       1.43715860e-02, 5.31873852e-02, 1.11284731e-02, -3.28830183e-02,
       -2.69396231e-02, -5.39936125e-02, -3.80684733e-02, 4.98077385e-02,
       -7.99956918e-02, 5.53297214e-02, -6.81777671e-02, 3.00853774e-02,
       5.32682724e-02, 2.67641246e-02, -3.69123998e-03, -2.54977923e-02,
       -1.78684499e-02, 1.20437913e-01, -2.71128770e-02, -4.18852456e-03,
       3.33212204e-02, 6.92518279e-02, -1.79509185e-02, -6.93498477e-02,
       7.87531585e-03, -1.06935650e-02, 1.11797638e-02, 1.07534854e-02,
       1.32988105e-02, -7.88259134e-02, 3.54543887e-02, 9.13387462e-02,
       1.91432815e-02, 3.52813900e-02, 3.25057879e-02, -1.88686904e-02,
       3.73608200e-03, -6.79938793e-02, -1.26243774e-02, 5.26778437e-02,
       7.07666352e-02, 1.36305895e-02, -6.68006688e-02, -2.09480096e-02,
       2.22261827e-02, 2.40426813e-03, -1.31175248e-02, 2.08070339e-03,
