%YAML:1.0
---
matrix: !!opencv-matrix
   rows: 1
   cols: 512
   dt: f
   data: [ -7.37734139e-02, -3.44678909e-02, -8.85763094e-02,
       1.93330087e-02, 5.05668223e-02, -2.44564638e-02, -3.84966843e-03,
       1.01256333e-01, -2.82701477e-02, -7.92576224e-02, -2.47430755e-03,
       8.43088701e-02, -6.20947406e-03, -5.01073562e-02, -2.60901246e-02,
       -1.77609921e-02, 5.91608174e-02, 5.15921526e-02, 4.91508916e-02,
       -2.22850591e-02, -4.27613109e-02, 3.77280749e-02, 5.94196245e-02,
       -1.76510774e-03, 9.07825772e-03, -4.81944233e-02, -1.87387802e-02,
       -7.22003728e-02, 5.83977625e-02, 3.15059093e-03, 3.26362588e-02,
       5.50493598e-02, 1.44025743e-01, 1.03346286e-02, 2.24718265e-02,
       -4.00617607e-02, 6.14732653e-02, 4.24677208e-02, 2.24222168e-02,
       -5.10667190e-02, 6.84268475e-02, -7.00861588e-02, 1.86408535e-02,
       -3.63104343e-02, 1.16932590e-03, 6.01806603e-02, -3.42106856e-02,
       8.83867815e-02, 4.81579043e-02, -2.37309393e-02, -2.87506692e-02,
       -8.00216570e-03, -4.22855606e-03, -3.12467180e-02, 1.53164687e-02,
       2.03584749e-02, 1.89510640e-03, 5.86934015e-02, -1.06884970e-03,
       -3.56872678e-02, -5.45806391e-03, 6.72544688e-02, -2.31070090e-02,
       -1.56765748e-02, 2.24869400e-02, 2.01972369e-02, 5.38368374e-02,
       2.34872457e-02, 3.70961763e-02, -5.81134558e-02, 2.01036513e-04,
       9.06769000e-03, 4.31714058e-02, -1.79029768e-03, -1.98639724e-02,
       2.28708982e-02, -5.72392195e-02, 3.20566595e-02, -1.34405140e-02,
       -9.46199447e-02, -6.36956829e-04, 4.06453870e-02, 6.55011535e-02,
       -4.22472358e-02, 1.40418867e-02, 4.76003699e-02, -5.69913313e-02,
       6.14023395e-02, 2.95375753e-02, -4.62551927e-03, 1.71798877e-02,
       7.66216144e-02, -4.90128025e-02, -3.20267752e-02, -6.96162533e-05,
       -2.52263639e-02, -1.15331290e-02, 1.23838605e-02, -5.59086055e-02,
       -1.79536012e-03, -3.27330008e-02, 3.41561623e-02, -1.49955172e-02,
       1.25231206e-01, 9.60731599e-03, 1.46126039e-02, 1.12973027e-01,
       1.84045918e-02, 3.79449688e-02, -2.69890297e-02, 5.14192507e-02,
       -4.38018255e-02, -1.50292702e-02, -4.05532308e-02,
       -1.61581635e-02, -4.45442460e-02, 5.85727282e-02, -2.60951165e-02,
       4.26689126e-02, -3.49906422e-02, 9.70338061e-02, -3.84811386e-02,
       -1.72903500e-02, -3.64761613e-03, -6.95546195e-02, 6.22543395e-02,
       -7.08143401e-04, 1.09937857e-03, 1.39089497e-02, 2.02208962e-02,
       -2.91344468e-02, 4.84107062e-02, 3.31628025e-02, -3.61794829e-02,
       -6.98235705e-02, 2.68956758e-02, -6.70138597e-02, 2.17066370e-02,
       -7.51677481e-03, 8.11715610e-03, -8.43307748e-03, 4.64445562e-04,
       -2.57009827e-02, 3.12793329e-02, -1.90501407e-04, -4.73588221e-02,
       -8.44861120e-02, 6.15605973e-02, -3.54807638e-02, 2.22819168e-02,
       -1.05386682e-01, 7.04904571e-02, 3.05505120e-03, 2.18490548e-02,
       3.78427133e-02, 7.47737586e-02, -4.87326756e-02, -2.28536334e-02,
       -3.44212800e-02, 3.23382802e-02, -6.38835728e-02, -5.44834845e-02,
       -4.75638062e-02, 4.85893041e-02, 6.24502916e-03, -5.93308508e-02,
       3.09521854e-02, 1.62249133e-02, 5.26550300e-02, -2.21911855e-02,
       3.97572704e-02, -4.89516892e-02, 3.17571759e-02, -4.55689207e-02,
       -1.65534578e-02, 8.38898774e-03, -1.46764005e-03, 8.84717181e-02,
       -3.07783987e-02, -1.72860269e-02, 6.03308529e-02, 5.14276624e-02,
       1.66743733e-02, 1.04722874e-02, 6.86506554e-02, -3.21065634e-02,
       -7.85199553e-02, -4.40809242e-02, -6.81749498e-03,
       -1.86209287e-02, 4.08659130e-02, -1.75349098e-02, -4.54369485e-02,
       -9.44524258e-02, -1.08848074e-02, -2.40732892e-03, 4.44777198e-02,
       -3.63052860e-02, 8.54084492e-02, -3.56772952e-02, 1.75909661e-02,
       -1.61696004e-03, 1.11728400e-01, -6.43622056e-02, 5.65333478e-02,
       9.68834013e-02, 2.46518408e-03, 7.28426278e-02, 1.08069092e-01,
       2.23749373e-02, 1.41046720e-03, 2.57188603e-02, 3.78164724e-02,
       2.85515599e-02, 2.14322638e-02, 4.80212038e-04, 2.42296159e-02,
       -2.71037649e-02, -2.08029449e-02, 4.11108658e-02, 9.80472267e-02,
       -6.92010820e-02, 1.84370857e-02, 6.60625473e-02, -3.12227453e-03,
       -1.03591839e-02, -9.03178472e-03, 6.43559247e-02, 2.78355666e-02,
       -9.80585143e-02, -4.06506509e-02, -7.02849450e-03,
       -2.93743946e-02, -2.61287633e-02, -3.80533189e-03, 1.12742037e-02,
       7.02704415e-02, 5.68118121e-04, -2.64945216e-02, 2.25381050e-02,
       -8.64951778e-03, -4.35788073e-02, -2.15555746e-02,
       -3.23777869e-02, -2.76625138e-02, -4.64166999e-02,
       -5.00532910e-02, 3.26150544e-02, -2.00308394e-02, -5.77288195e-02,
       -4.49861325e-02, 8.90614092e-02, -2.25485861e-02, -8.41200259e-03,
       -2.15862840e-02, -2.53663249e-02, -2.36634780e-02, 3.47033851e-02,
       -1.42423054e-02, -2.63091587e-02, 4.84470390e-02, 1.17040863e-02,
       8.02001432e-02, 6.25385642e-02, -2.81490702e-02, 7.96283782e-03,
       -1.12563809e-02, 7.07342550e-02, -6.18477538e-02, 5.76801598e-02,
       -2.25934777e-02, 4.96749878e-02, -1.29881566e-02, 1.45858526e-02,
       -2.84256060e-02, -5.53453639e-02, 3.40525322e-02, 4.81531061e-02,
       1.78334657e-02, 3.66996787e-02, -1.49114281e-02, 3.98092717e-02,
       2.62787961e-03, 6.56315237e-02, -4.33922037e-02, 2.18998678e-02,
       -4.00505494e-04, 8.70525092e-03, 1.59748588e-02, 1.60999894e-02,
       2.34338623e-02, -1.57072917e-02, 1.27765827e-03, 7.66845271e-02,
       -3.50825265e-02, -8.86075795e-02, 4.01993953e-02, 3.91768701e-02,
       -1.93689729e-03, 1.52260680e-02, -7.00439513e-03, -3.85879576e-02,
       6.77234977e-02, 4.28725919e-03, 6.97103469e-03, -2.92303283e-02,
       -1.79144461e-02, -2.69276537e-02, -2.88983863e-02,
       -3.16825062e-02, 1.05542289e-02, 8.12576115e-02, -1.03383837e-02,
       3.51532139e-02, 8.76666978e-02, -4.07006517e-02, 1.90410782e-02,
       6.81386590e-02, 8.82202089e-02, 1.95283946e-02, 3.80110890e-02,
       4.32384647e-02, -2.72629759e-03, -4.70797420e-02, -1.85044259e-02,
       2.74130404e-02, -6.04500361e-02, -3.99253629e-02, -2.45992206e-02,
       5.21264188e-02, 1.63925029e-02, -4.50875498e-02, -5.56955524e-02,
       -5.67545518e-02, 6.13699574e-03, 3.10657863e-02, 4.34016027e-02,
       -9.53786075e-03, -1.56704448e-02, 3.84857953e-02, 7.98541903e-02,
       2.27188654e-02, 2.48021781e-02, 6.76294565e-02, -3.74546112e-03,
       2.28202138e-02, -4.13529165e-02, -3.44339684e-02, -1.24602308e-02,
       8.34678940e-04, 7.65432343e-02, -1.33038536e-02, 5.49336970e-02,
       -4.77727316e-02, 1.11975661e-02, -1.00885620e-02, 2.02405956e-02,
       -4.67571653e-02, -4.58208565e-03, -6.40485552e-04,
       -5.23154158e-03, 1.07206050e-02, 3.67549397e-02, -7.04983696e-02,
       1.24677932e-02, 4.66497578e-02, -1.40110850e-02, -5.10436110e-02,
       -8.24119488e-04, -3.37559842e-02, -7.86326081e-03,
       -1.23374844e-02, -6.31521689e-03, -1.48420017e-02,
       -5.74948862e-02, -1.06772501e-02, 6.15684837e-02, -4.26959582e-02,
       -1.05811976e-01, 4.35409397e-02, -2.74838284e-02, 2.08955095e-03,
       2.34896895e-02, 4.96402495e-02, 3.33385472e-03, 6.68272451e-02,
       -8.79996922e-03, 2.77515478e-03, 4.40856032e-02, -4.28994633e-02,
       -7.16242120e-02, -3.43873948e-02, 4.24628258e-02, -6.76483056e-03,
       3.26175615e-02, 1.38464160e-02, 4.73072492e-02, 3.69214043e-02,
       -2.59431843e-02, -2.95015629e-02, -8.77057612e-02, 2.23918408e-02,
       2.18670769e-03, 6.56653475e-03, 6.87375106e-03, 6.66650161e-02,
       -1.75988507e-02, 5.63951535e-03, -1.13146286e-02, -1.43324332e-02,
       -1.00014947e-01, -2.65401267e-02, 8.22936185e-03, -1.85689386e-02,
       -1.02672437e-02, 7.19942711e-03, -2.67352983e-02, 2.99029127e-02,
       2.70191934e-02, -6.34053126e-02, 1.79080646e-02, -1.74723137e-02,
       -4.35329601e-03, -4.57466505e-02, 1.00736162e-02, 1.14742797e-02,
       1.25143984e-02, -2.40815021e-02, -1.03651457e-01, 1.41508719e-02,
