%YAML:1.0
---
matrix: !!opencv-matrix
   rows: 1
   cols: 512
   dt: f
   data: [ -4.38115299e-02, -8.23832005e-02, -9.19548571e-02,
       7.58179501e-02, 4.74703349e-02, -3.65947597e-02, -8.60134698e-03,
       6.48997501e-02, -3.36735533e-03, 3.74642424e-02, 8.43532756e-03,
       -2.13756934e-02, -1.57110505e-02, -2.89665814e-02,
       -2.47835871e-02, -1.13176651e-01, 2.56896578e-03, 2.23194086e-03,
       -3.15994886e-03, 2.67258938e-02, 6.34938553e-02, 3.03003844e-02,
       5.34332879e-02, -9.77784209e-03, 3.61302532e-02, 2.08547693e-02,
       -4.37025465e-02, -7.72269024e-03, -1.82613544e-02,
       -1.47855922e-03, -5.74040413e-03, 2.59129534e-04, 9.15017202e-02,
       6.55208230e-02, 4.53422256e-02, 4.16249409e-02, 2.68009608e-03,
       -1.44533142e-02, 5.47240749e-02, -3.11149098e-02, -2.98591312e-02,
       -2.98889372e-02, 5.77652976e-02, -3.43679227e-02, -7.80160129e-02,
       1.09494962e-02, -3.82108800e-02, 3.44588645e-02, 3.33328359e-02,
       4.24296521e-02, 2.05501057e-02, 4.45265025e-02, -3.62605182e-03,
       -2.15576459e-02, 9.44442116e-03, -6.01434037e-02, -4.41330625e-03,
       -2.36969404e-02, 4.34724614e-02, 6.89079911e-02, 5.34985736e-02,
       -1.33797619e-02, -3.61215435e-02, 5.64194955e-02, 4.07406362e-03,
       -1.18957064e-03, 1.47273280e-02, -6.90407678e-02, 9.44961980e-03,
       3.68557833e-02, 4.36813934e-05, -3.22011933e-02, -1.93890408e-02,
       -7.31637552e-02, -5.98908328e-02, 2.67803483e-02, -1.76734347e-02,
       -4.88953330e-02, -1.16762249e-02, -4.07480858e-02, 3.35362256e-02,
       -5.50141977e-03, -5.36602847e-02, -3.03862467e-02, 2.18505487e-02,
       -1.34759601e-02, -1.03101104e-01, -2.34151408e-02, 8.80151838e-02,
       8.35894793e-02, 3.32810655e-02, 5.50012700e-02, -1.76551174e-02,
       -3.40378061e-02, -2.03450900e-02, -2.97363326e-02,
       -7.54513592e-02, 3.52839939e-02, -6.95303902e-02, -1.32091060e-01,
       -7.16207996e-02, 5.21520227e-02, 1.77334081e-02, -3.15099186e-03,
       6.79238439e-02, 8.93909018e-03, 6.53538248e-03, 8.32939595e-02,
       -5.66503033e-02, 4.42422256e-02, 6.74157636e-03, 1.49010662e-02,
       7.14683533e-02, 6.02286160e-02, -8.20410252e-02, -3.69797200e-02,
       -1.93226356e-02, -2.77171507e-02, 1.88135840e-02, 1.26104383e-02,
       1.82253718e-02, -9.06518698e-02, 9.15380791e-02, -8.82492736e-02,
       -4.68980372e-02, 1.07672475e-02, -2.66544819e-02, -2.54826937e-02,
       4.67944779e-02, -3.92710939e-02, 4.50036190e-02, 7.63608664e-02,
       1.90596357e-02, 4.06086147e-02, -4.63577136e-02, 5.74291311e-03,
       -5.14492206e-02, 8.49952474e-02, 5.45922890e-02, 6.64201658e-03,
       3.20763476e-02, 1.01097347e-03, -4.27781604e-02, 6.54657185e-02,
       5.59762754e-02, -1.54511211e-02, 2.23376155e-02, -3.49671394e-02,
       -2.77745649e-02, -2.45567877e-02, -3.11080366e-02, 2.63144393e-02,
       5.40018268e-02, 5.28918654e-02, -6.92042187e-02, 3.44068147e-02,
       3.89082357e-02, -3.99059951e-02, -4.01991606e-02, -6.28710538e-02,
       4.78897654e-02, -4.50009629e-02, -7.73869734e-03, 6.05055280e-02,
       7.94900116e-03, 1.22593343e-02, 5.45677319e-02, -1.13419175e-01,
       -3.10267564e-02, -3.73244248e-02, 2.80657951e-02, -2.46849190e-02,
       -4.73417081e-02, 2.18713051e-03, -2.10280740e-03, 5.45002930e-02,
       2.29945984e-02, 5.71118928e-02, 1.46880290e-02, 7.66806453e-02,
       -3.94431204e-02, 3.02582304e-03, 4.58323509e-02, 4.03304063e-02,
       3.81252216e-03, -2.81637888e-02, -4.18343917e-02, 7.65534490e-02,
       -4.07612175e-02, 2.75033228e-02, -3.48403826e-02, 2.85789799e-02,
       4.83777039e-02, -4.04059403e-02, 9.23619140e-04, 2.10378021e-02,
       8.03317409e-03, 2.56946292e-02, 3.66458632e-02, 1.48399016e-02,
       3.55606116e-02, 4.28696424e-02, 1.29847247e-02, -8.36924687e-02,
       -3.77911255e-02, -7.54231885e-02, 4.69924323e-02, 5.99424690e-02,
       -4.42953920e-03, -3.56108062e-02, 4.47913893e-02, -4.24277894e-02,
       -3.44293341e-02, -1.30426101e-02, -3.63629349e-02,
       -4.16796654e-02, -1.26769505e-02, -4.96641221e-03, 1.86338052e-02,
       -6.99776337e-02, 7.77583627e-04, 1.50493532e-02, 7.88694434e-03,
       -2.19912417e-02, -2.08603125e-02, -4.46626078e-03,
       -6.95898160e-02, 1.12684734e-01, -9.41367894e-02, -3.93437110e-02,
       5.55597916e-02, 1.84679553e-02, -3.16672176e-02, -2.76839696e-02,
       -1.31644886e-02, -5.54146711e-03, -1.12392455e-02,
       -2.50107446e-03, 1.92455649e-02, -3.62525322e-02, -3.04507371e-02,
       -2.95355339e-02, -3.06807877e-03, -5.68890534e-02, 1.05716875e-02,
       4.12477180e-02, -4.35838662e-02, 1.38658872e-02, 5.49480654e-02,
       2.38796766e-03, -4.73670103e-02, 3.45399007e-02, 2.97800694e-02,
       -1.51643120e-02, -5.74578950e-03, -2.49904357e-02, 4.32599895e-02,
       -4.59138863e-02, 2.88600381e-02, 6.63407892e-03, 6.77501410e-02,
       8.06556419e-02, 1.09659592e-02, 1.37611479e-02, -2.97323074e-02,
       -1.78944711e-02, -4.09120694e-03, 2.59497063e-03, -2.16333997e-02,
       4.47365176e-03, 5.79759404e-02, 1.13660693e-02, -7.89935875e-04,
       -1.01056695e-02, -1.86434276e-02, -1.90564543e-02,
       -1.03223830e-01, 5.72596453e-02, 1.63969472e-02, -1.98568981e-02,
       -2.21244041e-02, 7.33484998e-02, -1.12956166e-01, -3.44502478e-04,
       -5.07842153e-02, 5.65041341e-02, -2.05626693e-02, 3.44374441e-02,
       -9.44254640e-03, -4.60015163e-02, -3.70017923e-02, 1.47172622e-02,
       -1.48536097e-02, -6.91110361e-03, 1.55201321e-02, 2.30869930e-02,
       -3.50207798e-02, -1.50274970e-02, -2.90553030e-02,
       -1.35841817e-02, -1.10657653e-02, 2.52035744e-02, -6.91741332e-02,
       7.44467974e-02, -3.12997475e-02, -1.03674075e-02, 2.99614687e-02,
       -3.86065394e-02, 4.10345793e-02, 3.04294797e-03, -3.70210074e-02,
       -2.72181258e-02, 5.54697998e-02, 5.07707261e-02, 1.36771749e-04,
       5.31657040e-03, 9.67640355e-02, 3.61450873e-02, 4.30973060e-02,
       -2.69343182e-02, 1.29695348e-02, 1.20179611e-03, 1.34029593e-02,
       1.97812472e-03, -1.18693747e-02, -2.19052732e-02, 1.42346798e-02,
       1.82755908e-03, 3.97544280e-02, -1.13169089e-01, -2.13812711e-03,
       4.95996624e-02, 6.17155544e-02, -1.70813240e-02, 1.22045660e-02,
       9.77652743e-02, 4.60409112e-02, 1.24821197e-02, -4.71525192e-02,
       3.41823772e-02, -4.05515358e-02, -7.03728646e-02, 3.25050391e-02,
       1.76912062e-02, -5.76716848e-02, 3.49640921e-02, 9.64577589e-03,
       -8.07817951e-02, 1.43201258e-02, -1.56757087e-02, -4.41558398e-02,
       2.03235578e-02, 1.22457193e-02, 1.72335673e-02, 4.69859429e-02,
       5.17664067e-02, 3.93151119e-02, -7.58726383e-03, 1.85389165e-02,
       5.14053851e-02, -3.95564474e-02, -5.95830865e-02, 6.36419607e-03,
       -9.31035429e-02, -1.18234515e-01, 3.54719721e-02, 3.52076851e-02,
       -5.84796593e-02, -1.34647593e-01, -6.40040189e-02, 1.75027456e-02,
       2.18433142e-03, 6.29650801e-02, -7.09682994e-04, -3.29725258e-02,
       -5.24040759e-02, -6.31962642e-02, -3.63287032e-02,
       -3.24296840e-02, 6.54370114e-02, -2.01747809e-02, 7.86357187e-03,
       5.99107072e-02, 2.84963958e-02, -1.00919493e-02, 6.62263036e-02,
       4.83179614e-02, -2.27680709e-02, 5.22437654e-02, -9.33895633e-03,
       1.70910601e-02, 2.36583650e-02, 3.55200246e-02, -3.25706787e-02,
       -4.56881188e-02, 4.21645120e-02, 5.35245761e-02, -2.48994697e-02,
       2.66621187e-02, 4.90833186e-02, -5.21996059e-03, -3.54072973e-02,
       2.59624515e-02, -6.01142570e-02, -6.15863875e-02, -1.73267722e-02,
       -8.89953133e-03, -4.25508097e-02, 1.09733000e-01, -2.06704456e-02,
       2.46309545e-02, 5.22974990e-02, -2.20064744e-02, -5.82294241e-02,
       -1.15238717e-02, -1.54507505e-02, -6.02563620e-02, 3.43617126e-02,
       -7.12166028e-03, -3.62037346e-02, -3.36807291e-03, 4.99180593e-02,
       -1.79854520e-02, -1.41901374e-02, -2.19876114e-02, 8.64893720e-02,
       3.90441716e-02, -8.16474780e-02, 4.19946909e-02, 1.25165842e-02,
