%YAML:1.0
---
matrix: !!opencv-matrix
   rows: 1
   cols: 512
   dt: f
   data: [ 2.42078863e-03, -1.68363769e-02, 2.59080734e-02,
       7.16248378e-02, -8.21064506e-03, 2.82072346e-04, -4.58456986e-02,
       -8.15367848e-02, -6.18650988e-02, 1.77487433e-02, 4.50714417e-02,
       1.84412226e-02, -5.38740009e-02, 7.94317108e-04, -1.35279587e-02,
       7.40011223e-03, 4.78419773e-02, -2.44994536e-02, -2.49834154e-02,
       1.44095114e-02, 3.74089330e-02, -1.28149465e-02, 1.68626457e-02,
       1.80821735e-02, -3.00946576e-03, 5.11246286e-02, 8.50854591e-02,
       5.72476909e-02, 7.10961921e-03, 3.89391594e-02, -6.26784787e-02,
       -2.40527987e-02, -4.47994992e-02, -1.75876394e-02, 7.90849403e-02,
       1.13428928e-01, -1.37583744e-02, 1.62640363e-02, -4.84469719e-02,
       2.47978456e-02, -3.22310589e-02, 5.43303154e-02, -4.26137857e-02,
       3.63497483e-03, -5.04371710e-02, -4.08538096e-02, 4.93259244e-02,
       3.80034707e-02, 1.62991267e-02, 5.92432693e-02, 8.72328598e-03,
       8.90489388e-03, 7.23220930e-02, 9.50794145e-02, 7.12869409e-03,
       4.54700850e-02, -6.30856603e-02, -2.05310453e-02, 1.48334755e-02,
       -3.69375609e-02, -5.81103377e-02, -5.24662919e-02, 4.93994467e-02,
       -1.38249481e-02, -5.48405293e-03, 4.72555077e-03, 1.25751290e-02,
       -4.60936269e-03, -2.90158987e-02, -1.29680363e-02, 9.34863184e-03,
       2.54950821e-02, -9.22690518e-03, 6.22437224e-02, 3.72570939e-02,
       -4.85118944e-03, -6.14623213e-03, -2.24349480e-02,
       -6.71654642e-02, 4.79364209e-03, 1.43946649e-03, 1.51462536e-02,
       2.03010608e-02, -1.88795403e-02, 4.67120335e-02, 5.82858473e-02,
       5.75954951e-02, -3.31039019e-02, -5.97108528e-02, -1.52030848e-02,
       -6.48112223e-02, -2.17710696e-02, 1.36401989e-02, -5.21853566e-02,
       2.92970007e-03, -8.99481215e-03, -4.18734830e-03, 2.63867993e-02,
       1.87222045e-02, 2.46321838e-02, 2.53688470e-02, 6.28757402e-02,
       5.27260415e-02, -1.35946311e-02, -1.97198130e-02, 9.21177957e-03,
       5.66471834e-03, -8.77196528e-03, 9.62973982e-02, -6.69857338e-02,
       5.39568029e-02, -1.34560501e-03, -3.05727106e-02, -2.20512860e-02,
       2.68525947e-02, -6.29943004e-03, 3.30480859e-02, -2.72489935e-02,
       -1.58305317e-02, -1.40824206e-02, -1.51970377e-02,
       -1.87915433e-02, -1.00903874e-02, -1.14159375e-01, 1.24412309e-02,
       5.38078286e-02, -1.29975704e-02, -1.17703229e-02, -2.47925147e-02,
       -3.49364839e-02, 2.59568859e-02, -8.16852413e-03, -8.65536463e-03,
       2.01370735e-02, -6.48489455e-04, -9.25103948e-03, 3.73413377e-02,
       -3.05546410e-02, -4.76458073e-02, 3.48767415e-02, 1.29238721e-02,
       9.31704715e-02, 1.21102296e-02, -3.63919847e-02, -1.31215143e-03,
       2.78815906e-02, 1.67263281e-02, 1.01817660e-01, 4.49162498e-02,
       -2.86211050e-03, -4.54797372e-02, 4.15395200e-02, -3.57573479e-02,
       2.12760493e-02, -5.25571182e-02, 2.38690916e-02, 8.42220038e-02,
       5.49019035e-03, -6.59722646e-05, -1.70550658e-03, 6.97140545e-02,
       5.83061390e-02, 3.54262479e-02, 1.22143552e-02, 2.73689590e-02,
       2.12401189e-02, 1.62640363e-02, -2.30144747e-02, -2.76900525e-03,
       -6.62946096e-03, -1.14369951e-02, -8.43169447e-03, 4.78002429e-02,
       -1.12337440e-01, -1.02394789e-01, -1.80263296e-02,
       -3.52458134e-02, 6.26244918e-02, -8.20729882e-03, -2.60361731e-02,
       -2.30398076e-03, 4.13199468e-03, 5.23330607e-02, 3.06212287e-02,
       3.43817286e-02, -1.59852188e-02, -6.36897683e-02, 1.53021433e-03,
       2.94291973e-02, -2.89280899e-02, 1.21056944e-01, -4.67502065e-02,
       -3.15471292e-02, -6.18879981e-02, 9.62452590e-03, -5.14403544e-02,
       6.35213684e-03, 2.39810217e-02, -3.06003485e-02, -3.19559723e-02,
       1.41826982e-03, 2.74453256e-02, 6.09445870e-02, -3.85898575e-02,
       3.00407945e-03, 6.21975921e-02, 1.58794690e-02, -1.88382026e-02,
       4.46609259e-02, -1.77293420e-02, 3.14744525e-02, 1.04622170e-02,
       -2.21163295e-02, 2.63487212e-02, -3.98244746e-02, -4.34417911e-02,
       -4.98893298e-02, -1.04448823e-02, -3.83848906e-03, 1.78808291e-02,
       -2.25539897e-02, -3.48495357e-02, -2.95156632e-02, 2.60964762e-02,
       6.43472373e-03, -4.97809015e-02, -4.03380245e-02, -4.27203365e-02,
       4.49353680e-02, 6.16866089e-02, 4.68645507e-04, -9.07825679e-02,
       -7.67825097e-02, 2.76726354e-02, 4.36709635e-02, 4.31451537e-02,
       -8.51984173e-02, -4.88778464e-02, 8.33855644e-02, -7.04012290e-02,
       7.30300415e-03, -5.50562814e-02, 4.75342497e-02, -3.86659205e-02,
       5.15153408e-02, 2.07951036e-03, 1.67214926e-02, 4.16431949e-02,
       3.24123427e-02, -2.77130604e-02, -4.31191847e-02, 2.34275870e-02,
       2.06955243e-03, -8.65995139e-03, -1.61356144e-02, 3.79227027e-02,
       -2.71395277e-02, 1.81033579e-03, 3.18334135e-03, 1.66364550e-03,
       -1.96900927e-02, 1.94341969e-02, -6.96554929e-02, -1.35872224e-02,
       -1.19495625e-03, -6.23068213e-02, -1.59822591e-02, 6.48065582e-02,
       -6.11115247e-02, 1.91676039e-02, -2.92409770e-02, -7.17956871e-02,
       -7.00497031e-02, -1.19996287e-01, 1.56390071e-01, -5.82577288e-03,
       3.96463871e-02, 1.44161182e-04, 5.93210123e-02, 5.24351001e-02,
       1.87173299e-02, 8.65036026e-02, 4.47930284e-02, -5.78296259e-02,
       2.48440634e-02, -4.92541294e-04, 3.91462930e-02, 6.26179948e-03,
       2.09453311e-02, -2.70094182e-02, 6.88875373e-03, 3.88841033e-02,
       -5.01534939e-02, -6.86327089e-03, -8.19261745e-02, 1.37134707e-02,
       -9.48074609e-02, -5.91916256e-02, 2.06448156e-02, -1.20452354e-02,
       -6.17134459e-02, 3.52224968e-02, 1.05976742e-02, 2.70689540e-02,
       -6.50427584e-03, 7.10043870e-03, -4.49899919e-02, -7.63033181e-02,
       -3.57008353e-03, -1.89757347e-02, -2.60274671e-02, 5.11130225e-03,
       -6.23263419e-02, -1.38777047e-02, -2.88859345e-02,
       -7.36964568e-02, 4.91904728e-02, 6.91767856e-02, -1.84042025e-02,
       -2.35025072e-03, 4.21774760e-02, 6.68316334e-02, -2.68735532e-02,
       -1.59745812e-02, 4.99195158e-02, -1.06312456e-02, 3.73174995e-02,
       3.51884589e-02, 3.50601189e-02, 2.54447274e-02, 3.44732143e-02,
       4.46592420e-02, -9.82195288e-02, 3.10331266e-02, -1.39062935e-02,
       7.65952617e-02, 1.13192247e-02, 1.55134397e-02, -9.65654477e-03,
       6.38834611e-02, 3.79689923e-03, 4.25757021e-02, 3.18050683e-02,
       7.71353068e-03, 1.03907228e-01, 3.84304672e-02, -6.10669926e-02,
       2.28192266e-02, -2.35590222e-03, -3.55745777e-02, 2.27648811e-03,
       8.52250755e-02, 6.09877929e-02, -4.64911237e-02, -1.00192120e-02,
       -1.13617051e-02, 5.86304888e-02, -1.17028821e-02, 2.77443305e-02,
       -6.35091886e-02, -4.45819646e-03, -1.41950911e-02,
       -1.74313970e-02, -5.89302331e-02, -1.24490997e-02,
       -1.19575039e-02, -1.93796493e-03, -1.11110313e-02, 3.05275153e-02,
       2.92155109e-02, 1.75519381e-02, 4.06506024e-02, 3.30242328e-02,
       1.04314331e-02, -9.38092079e-03, 1.11786455e-01, -3.13128904e-02,
       -3.44553404e-02, 2.05250755e-02, 3.21777388e-02, 4.48526189e-05,
       -3.36168171e-03, -1.03658602e-01, -7.57198688e-03,
       -7.02063367e-02, 2.14311779e-02, 9.82076973e-02, 6.69962615e-02,
       -1.72158387e-02, -8.74316413e-03, -6.64806878e-03, 6.88672364e-02,
       1.57878455e-03, 2.99124494e-02, -8.68318602e-02, 8.79488289e-02,
       2.75398660e-02, -5.80507740e-02, -1.23246722e-02, 3.58974636e-02,
       -4.41581532e-02, -2.36791112e-02, -1.10014275e-01,
       -1.25845661e-02, -3.82752270e-02, -3.52105498e-02,
       -4.92163841e-03, 1.89730115e-02, -3.44661176e-02, 3.81652974e-02,
       3.10580246e-03, 1.43667887e-04, -1.31588411e-02, -2.02257596e-02,
       3.64124402e-02, 4.03927751e-02, -2.32262649e-02, -8.92408118e-02,
       1.15960352e-02, -1.30728278e-02, -5.18838093e-02, 2.82305423e-02,
       2.77408473e-02, 6.84476793e-02, 1.76353790e-02, 2.69068610e-02,
       -1.13848480e-03, -2.05446091e-02, 5.65454178e-02, -4.28915136e-02,
