%YAML:1.0
---
matrix: !!opencv-matrix
   rows: 1
   cols: 512
   dt: f
   data: [ 2.43198816e-02, 3.18101309e-02, -1.09127596e-01,
       3.66440117e-02, -9.36388820e-02, -4.97313216e-02, 3.20744105e-02,
       -2.01246943e-02, -8.16447139e-02, -5.03494255e-02,
       -1.93497874e-02, 1.34623135e-02, -1.57012325e-02, 6.98175952e-02,
       -4.00476865e-02, -6.60061138e-04, -7.12619647e-02, 3.26567143e-02,
       8.60094950e-02, 3.39800194e-02, -4.61635329e-02, 2.09143143e-02,
       -4.10522409e-02, 9.04056132e-02, -7.38126040e-03, 5.81838489e-02,
       -4.30309139e-02, 6.70403168e-02, 2.21307762e-03, 2.90868375e-02,
       4.49806117e-02, -1.17713865e-02, -1.19560938e-02, -3.31664644e-02,
       4.17241827e-02, -9.97354742e-03, -9.16980207e-03, 5.76974377e-02,
       1.87669173e-02, 4.33538519e-02, -1.40250679e-02, -1.91589948e-02,
       -2.85919271e-02, 1.07082397e-01, -5.04457112e-03, 1.04504172e-03,
       5.31458296e-03, 2.42965240e-02, -6.52639475e-03, 2.14736052e-02,
       4.82746698e-02, 2.07578707e-02, -1.64421219e-02, 7.58370757e-02,
       9.64569207e-03, -1.82801746e-02, -8.93371552e-03, 3.66720036e-02,
       -2.08742749e-02, -4.33363253e-03, -9.48034134e-03, 1.18662249e-02,
       2.95028761e-02, -2.12522894e-02, -6.46361010e-03, -6.88823685e-03,
       -4.47364757e-03, 1.20430492e-01, -1.64296608e-02, -4.66126651e-02,
       1.93715338e-02, 4.98528266e-03, 1.23623041e-02, 4.46201339e-02,
       4.81888615e-02, -3.48572992e-02, -3.95484120e-02, -5.49300835e-02,
       -1.54595543e-02, -3.69985402e-02, -9.72078275e-03,
       -5.38120829e-02, 9.74103983e-04, -2.18449663e-02, 1.46928588e-02,
       -3.61426435e-02, 5.40666729e-02, -2.26888042e-02, 5.80076054e-02,
       -5.58788031e-02, 6.82224194e-03, -1.81389172e-02, -2.94029117e-02,
       3.22518237e-02, -4.89404760e-02, -1.47108622e-02, -4.18229848e-02,
       8.40364676e-03, 3.69769195e-03, -1.77684110e-02, 1.86799802e-02,
       -1.89584214e-02, 1.64298285e-02, -9.42495838e-02, 1.10888574e-02,
       3.66906635e-02, 1.83943734e-02, 2.83723921e-02, 5.44811636e-02,
       4.72393706e-02, -9.30439588e-03, -7.91452453e-02, -8.08089133e-03,
       6.20903708e-02, -2.00837012e-02, -1.03090756e-01, 5.99281564e-02,
       -8.64461735e-02, 4.63066511e-02, -3.14594544e-02, 6.89319000e-02,
       -1.82938743e-02, 3.09507847e-02, 1.61746107e-02, -3.43270833e-04,
       6.03683032e-02, 2.92260963e-02, 4.09392007e-02, -3.01255919e-02,
       -5.99209554e-02, 4.30725664e-02, 2.57855412e-02, 6.78091962e-03,
       -5.33514773e-04, -4.93300594e-02, -9.37424507e-03, 4.27100360e-02,
       -4.13410664e-02, 3.20853703e-02, 8.07442814e-02, 8.30130931e-03,
       -7.54746201e-04, -2.36388799e-02, -6.46199957e-02, 1.86035819e-02,
       6.01389725e-03, 6.59883469e-02, 1.64989345e-02, 1.66480783e-02,
       -5.01337685e-02, -1.75373591e-02, -2.01206631e-03,
       -5.84616279e-03, 2.15542149e-02, 8.43231380e-02, 2.48555914e-02,
       -3.57526839e-02, -3.00877281e-02, 1.93994921e-02, -1.65771297e-03,
       2.89264582e-02, 2.34247390e-02, -4.13975380e-02, 7.88358897e-02,
       -2.33319644e-02, -3.32771651e-02, 1.22488588e-02, -9.61983390e-03,
       -3.64737883e-02, 2.30534747e-03, 6.20113127e-02, 1.21996142e-02,
       3.75730544e-02, -1.34981005e-02, -2.59938184e-02, 8.11832175e-02,
       -5.46240658e-02, 7.00130239e-02, 1.38015142e-02, -4.87002954e-02,
       2.19587679e-03, -7.54378289e-02, -1.85238961e-02, 2.35929601e-02,
       -1.51006710e-02, 6.91752657e-02, -1.65699385e-02, -4.70582172e-02,
       -6.04360141e-02, 2.13668756e-02, 5.02099246e-02, 7.04866573e-02,
       4.81681451e-02, 3.21130864e-02, 2.09955536e-02, -7.84954056e-02,
       3.02190450e-03, 1.75769310e-02, 2.99022812e-02, -1.17160693e-01,
       -2.39472277e-03, 3.73752564e-02, -4.55552116e-02, -8.87197256e-03,
       4.13824953e-02, 1.79823255e-03, 3.41161564e-02, 1.41094271e-02,
       3.89128700e-02, -1.67415254e-02, 2.28396989e-02, -4.42086942e-02,
       -1.07543916e-02, -1.12574510e-02, -3.38102807e-03, 7.10671991e-02,
       -5.67278080e-02, -3.33783217e-03, 5.75730987e-02, -5.01680747e-03,
       3.16663869e-02, -6.09609857e-02, 3.38350199e-02, -8.71782228e-02,
       -3.32200341e-03, 1.48946628e-01, -1.18528940e-02, 7.70250475e-03,
       -4.35866006e-02, 6.78128377e-02, -3.62653807e-02, 3.56444642e-02,
       -7.77451694e-02, -5.20483516e-02, 2.70621702e-02, 1.88948978e-02,
       -2.65482459e-02, -1.13717439e-02, 1.01071775e-01, -3.58119570e-02,
       -5.11398427e-02, 8.39364082e-02, -3.26372460e-02, 2.30136048e-03,
       -2.34745145e-02, -2.08991412e-02, -1.83113683e-02, 5.05835889e-03,
       4.06852029e-02, -9.51808703e-04, -6.27940707e-03, -7.51337782e-02,
       -2.12416109e-02, 2.37776479e-03, -2.19949335e-02, 5.03323623e-04,
       6.90476643e-03, 1.09562306e-02, 5.53133674e-02, -8.24521855e-02,
       8.31032991e-02, -2.48207152e-02, 5.30761667e-02, -1.43054863e-02,
       5.68384975e-02, -4.31613922e-02, 4.88717332e-02, 1.73682924e-02,
       -1.36242108e-02, 5.66279702e-02, 1.82719883e-02, -2.06241999e-02,
       -3.69715225e-03, -7.18466491e-02, 1.83044025e-03, -1.03505388e-01,
       -1.25611862e-02, -5.23979850e-02, 6.86695874e-02, -4.00902610e-03,
       -4.01225276e-02, -8.41141939e-02, 7.26624280e-02, 2.80025154e-02,
       -1.36732375e-02, 1.95337050e-02, -4.84441705e-02, 3.51970047e-02,
       -1.11740897e-03, 3.08539327e-02, -2.28649769e-02, -1.58110296e-03,
       -2.50878669e-02, -1.17196888e-02, -6.94622621e-02, 4.81970944e-02,
       -5.38846254e-02, -1.10808974e-02, -5.55684604e-03,
       -1.65378000e-03, -2.05487907e-02, 3.56169231e-02, 4.85181734e-02,
       7.13363886e-02, 1.91024579e-02, -1.02609895e-01, 5.00283800e-02,
       -5.79267880e-03, 1.27866985e-02, 1.87084824e-02, -3.17596570e-02,
       3.59421567e-04, -3.06066684e-02, 1.87023189e-02, -4.39774096e-02,
       -2.50493456e-02, 2.39823554e-02, 1.85459461e-02, -4.13244553e-02,
       6.62276968e-02, 5.17755374e-03, 5.02407625e-02, 5.92061281e-02,
       6.08101077e-02, -4.34922017e-02, 3.24704349e-02, 1.18735433e-02,
       -2.66738050e-02, 3.24436091e-02, -1.08558673e-03, -2.95712426e-02,
       2.97128055e-02, -3.29382904e-02, -7.71283433e-02, 1.20090824e-02,
       1.20174699e-03, -4.99379113e-02, -3.58702242e-02, 3.07139549e-02,
       3.05676889e-02, 1.14109395e-02, 2.99984142e-02, 4.26973216e-02,
       -5.10443188e-02, 7.27680996e-02, 9.38422699e-03, 5.47120050e-02,
       6.03616685e-02, -6.99676052e-02, 2.24316828e-02, -2.57124174e-02,
       5.00085903e-03, 3.15158591e-02, 5.83138913e-02, -5.00447936e-02,
       3.61915417e-02, 2.83799395e-02, -5.69425076e-02, 1.99463535e-02,
       -3.37953828e-02, 5.98729737e-02, -1.51152220e-02, -2.79402882e-02,
       6.28325995e-03, -3.20955180e-02, -2.21430380e-02, 8.71068612e-03,
       -8.48837756e-03, -4.30437474e-04, -2.41129827e-02,
       -1.18056778e-02, 2.92015541e-02, -1.52151911e-02, 5.50519191e-02,
       -2.38429997e-02, 6.04586788e-02, 4.40533720e-02, -5.44413850e-02,
       -5.73482811e-02, -3.09360474e-02, 4.62588482e-02, 3.75486836e-02,
       -1.74915846e-02, -7.83363506e-02, -7.55470470e-02, 9.97481868e-03,
       -1.98981091e-02, -2.61407476e-02, -2.54274625e-02, 5.54715395e-02,
       -9.24727023e-02, -7.22340569e-02, -1.12792412e-02, 2.26810891e-02,
       2.30577565e-03, 4.98767644e-02, 1.62275601e-02, 7.76240253e-04,
       5.43669872e-02, -3.25243585e-02, -4.81146686e-02, 6.81088716e-02,
       -6.86144978e-02, -3.96630876e-02, -7.35133886e-02,
       -1.15213534e-02, -8.28055441e-02, -6.21714927e-02,
       -4.78788838e-02, -1.99224446e-02, -7.51677006e-02,
       -1.75375305e-02, 6.91861985e-03, 3.08415499e-02, 3.71119753e-02,
       5.51124029e-02, -5.44737130e-02, -4.37861532e-02, -1.22540118e-02,
       2.34585796e-02, -4.69550639e-02, -1.05420565e-02, -2.51398049e-02,
       3.95877622e-02, -4.11628792e-03, -4.16790657e-02, 5.51196076e-02,
       8.89891293e-03, 3.64509262e-02, 1.59351170e-01, -5.12193739e-02,
