%YAML:1.0
---
matrix: !!opencv-matrix
   rows: 1
   cols: 512
   dt: f
   data: [ 3.66994441e-02, -6.91221207e-02, 5.08879609e-02,
       5.14337160e-02, 1.64396446e-02, 4.79546599e-02, -6.21691607e-02,
       -2.57253237e-02, 1.57685410e-02, 1.34714916e-02, 1.06285242e-02,
       -1.94052607e-02, -2.57587284e-02, 2.60373503e-02, 2.47936361e-02,
       -4.80664186e-02, 9.39624161e-02, -1.00087039e-01, -7.66624063e-02,
       -5.54098636e-02, 2.00229585e-02, 1.51116699e-02, -2.82012727e-02,
       9.07619521e-02, -4.23242562e-02, 8.13987106e-03, -3.53009813e-02,
       -5.69875874e-02, -5.33829182e-02, 1.77829515e-03, 4.63613011e-02,
       1.82837900e-02, -3.00343279e-02, -1.67618170e-02, 4.04740684e-02,
       1.20804543e-02, 4.24541021e-03, 1.20239500e-02, 5.85727859e-03,
       9.45842918e-03, 2.91974302e-02, -9.25477147e-02, 5.69190383e-02,
       6.00480437e-02, -5.34702651e-02, 4.52763587e-02, 1.78838521e-02,
       -6.47885725e-02, -6.21641129e-02, -9.96910967e-03, 6.57027215e-02,
       1.87630747e-02, 1.93380415e-02, -4.36502844e-02, 4.01704982e-02,
       6.91780150e-02, 1.53314229e-03, -2.20047869e-02, 1.07072264e-01,
       -2.30684578e-02, -3.70390937e-02, -6.91056624e-03,
       -1.84286665e-03, -2.91779991e-02, -7.62940152e-03,
       -2.96897162e-02, 6.19370937e-02, -5.34161255e-02, 5.40910102e-02,
       1.38639081e-02, -1.76662132e-02, -4.00847606e-02, -1.69637743e-02,
       -1.96037982e-02, -4.38179933e-02, 2.98724957e-02, -6.77494099e-03,
       -4.68694195e-02, -5.09889834e-02, -3.21440422e-03, 9.61139053e-03,
       -4.20482680e-02, -1.70964915e-02, -1.22513967e-02,
       -4.69541065e-02, 1.79553386e-02, -2.35648826e-02, 2.79758871e-02,
       6.10603318e-02, -2.59383246e-02, -3.91347846e-03, 1.69065688e-02,
       8.49780813e-03, 3.92031064e-03, -2.24354398e-02, 1.20553290e-02,
       -2.15887334e-02, -8.31001475e-02, -2.38394607e-02,
       -6.50979206e-02, 5.46110561e-03, 7.22608492e-02, 2.25253217e-02,
       -1.08726665e-01, 8.24414492e-02, 4.67060246e-02, 5.78326359e-02,
       -1.98946670e-02, -5.95441163e-02, 3.54012549e-02, -2.30882838e-02,
       1.57848634e-02, 2.72934344e-02, 5.45664504e-02, -1.46732293e-02,
       -3.64199094e-02, 3.82039212e-02, 3.75642627e-02, 1.89291369e-02,
       8.70233327e-02, 2.20706202e-02, -4.96679172e-02, 3.12812924e-02,
       -6.13646694e-02, -1.72192268e-02, -1.41904429e-02,
       -7.06753433e-02, -1.61228923e-03, 6.56656921e-02, -2.42689047e-02,
       1.23684563e-01, -1.46801881e-02, 5.05589619e-02, -2.46460550e-02,
       -1.03226993e-02, 1.19412523e-02, -2.87585950e-04, 2.32973676e-02,
       3.47554460e-02, -8.64989236e-02, 4.96304668e-02, -1.17108598e-02,
       -1.34219145e-02, 4.12594751e-02, -3.29688340e-02, -7.32947467e-03,
       -1.22264847e-02, -3.23542319e-02, 7.74199069e-02, -5.87573014e-02,
       1.00837946e-01, -8.14909115e-02, -3.28509398e-02, 3.35680135e-02,
       1.85675099e-02, 2.88861021e-02, -3.29506919e-02, 2.24658125e-03,
       -6.04753941e-03, 3.40756550e-02, 9.71111581e-02, -3.12799364e-02,
       -6.26429915e-02, -4.91747186e-02, -2.57090796e-02,
       -5.55782244e-02, 4.43109162e-02, -4.02571633e-02, 6.58206791e-02,
       9.25709605e-02, -4.87129651e-02, 5.76863363e-02, 6.22913316e-02,
       1.35738251e-03, -2.91498490e-02, -5.32440990e-02, 2.83280313e-02,
       5.11361361e-02, 2.34768391e-02, -7.49213621e-03, -6.82600169e-03,
       2.06514634e-02, -2.22011581e-02, 1.01909535e-02, -3.71973105e-02,
       -6.99818283e-02, -9.01925713e-02, -4.54436764e-02,
       -7.43195489e-02, -1.15902632e-01, 3.45300660e-02, -3.10932118e-02,
       -4.53075692e-02, 1.00095913e-01, -1.72776021e-02, 1.26488169e-03,
       2.60612275e-02, 3.78435664e-02, -4.22663614e-03, 2.51870435e-02,
       -2.45578513e-02, -2.90918481e-02, -2.74848957e-02,
       -4.45174836e-02, -3.05456668e-03, -8.88242126e-02,
       -5.86748272e-02, 2.23960392e-02, -2.45016199e-02, 5.77922491e-03,
       3.02751847e-02, -2.15998497e-02, 3.98048088e-02, -1.87332798e-02,
       -1.89652070e-02, 7.92799219e-02, 2.58759577e-02, -3.12151257e-02,
       3.60019039e-03, -5.08297943e-02, -6.12087101e-02, -2.62689944e-02,
       -3.62008275e-03, 5.73182071e-04, 1.89820491e-02, 5.30887907e-03,
       -1.06592095e-02, 3.03727631e-02, 1.14066843e-02, 1.50534548e-02,
       -1.08167371e-02, 8.34496226e-03, 3.48437652e-02, 1.00555450e-01,
       3.51180732e-02, 4.39905524e-02, 2.58038584e-02, -1.03464117e-02,
       -3.45203057e-02, -2.92549990e-02, 3.45976129e-02, -6.15877584e-02,
       -2.51219161e-02, 7.74708763e-02, 4.84651998e-02, -2.73586921e-02,
       1.35532580e-02, -1.83000416e-02, -3.05669252e-02, 7.30328187e-02,
       -2.12493408e-02, 3.52442451e-02, 5.12543507e-02, -3.76870930e-02,
       3.13444324e-02, 1.55658387e-02, -1.25935962e-02, -1.72772519e-02,
       -4.04785899e-03, -9.28035006e-03, 2.41560619e-02, 6.01251191e-03,
       8.45034420e-02, 7.58465752e-02, -4.33674129e-03, 4.68317866e-02,
       5.21893241e-02, -1.23725245e-02, 3.38948239e-03, -1.26707437e-03,
       -1.23512544e-01, 2.16664933e-02, -6.55804873e-02, 1.11497626e-01,
       5.59500679e-02, 5.92077151e-02, 4.53123972e-02, -2.51012836e-02,
       2.94825546e-02, 1.86783541e-02, 9.91886761e-03, 1.19196419e-02,
       -7.78501853e-02, 4.30675745e-02, 3.52833271e-02, -2.32526381e-02,
       -1.89277139e-02, -5.88475093e-02, -2.67277341e-02,
       -5.30046672e-02, 5.08996919e-02, 2.65544821e-02, 4.49239537e-02,
       -3.94765772e-02, -7.26736337e-03, 2.63578389e-02, -5.14609367e-02,
       -4.77559492e-02, 2.63741408e-02, -2.01748088e-02, -7.26149045e-03,
       1.56796183e-02, -8.52563456e-02, 2.27283798e-02, -5.77643290e-02,
       9.30487644e-03, -6.59127310e-02, 2.44407114e-02, 2.12235767e-02,
       1.84489414e-02, -6.58535883e-02, 2.86263395e-02, 2.96874214e-02,
       -5.36648370e-02, -4.47476981e-03, -2.97269244e-02,
       -3.18547674e-02, -1.37671651e-02, 1.30662117e-02, 7.67140090e-02,
       -3.81919816e-02, 3.59990261e-02, -8.34582895e-02, -7.72321131e-03,
       -1.66365714e-03, -5.16311638e-03, -7.57409111e-02, 4.25993465e-02,
       1.55867720e-02, -2.22481098e-02, 7.44641349e-02, -1.51224136e-02,
       -3.82440649e-02, 7.76634440e-02, 6.66211620e-02, 4.61827256e-02,
       8.07508081e-02, -2.83241160e-02, -8.64667743e-02, -3.42822671e-02,
       -3.06989085e-02, 1.19950240e-02, 5.78658022e-02, 2.06783302e-02,
       -6.14086613e-02, -5.33195846e-02, -5.17011471e-02, 3.57961585e-03,
       4.28623408e-02, 1.27786007e-02, -5.77403344e-02, -5.04193874e-03,
       4.91896868e-02, -6.36381283e-02, 1.96004361e-02, -4.25316356e-02,
       3.88634158e-03, -1.94814857e-02, 5.12312027e-03, -4.87374738e-02,
       3.05154398e-02, 6.15080781e-02, 6.00977987e-02, 3.83568369e-02,
       -7.25957304e-02, 3.08685619e-02, 1.71700846e-02, -4.07242514e-02,
       6.45760680e-03, 2.57202797e-02, 6.59724101e-02, 1.13467714e-02,
       -7.92835504e-02, -3.20704170e-02, -1.38532119e-02,
       -6.69248700e-02, -1.10803016e-01, -5.22786379e-02, 2.67624948e-03,
       -1.01043498e-02, -2.84485556e-02, -1.38395904e-02,
       -5.05992025e-02, 2.66270041e-02, -7.71415085e-02, 5.07605746e-02,
       1.85651407e-02, -9.65578202e-03, -4.66363068e-04, -3.56877558e-02,
       6.26164302e-02, 9.72616393e-03, -4.41909619e-02, -6.05881289e-02,
       4.02142517e-02, -1.58670768e-02, -2.19290406e-02, 5.55574298e-02,
       1.56813860e-02, 2.65252441e-02, 1.61484648e-02, -2.92084645e-03,
       4.45766039e-02, 5.86813986e-02, -7.13424981e-02, -4.65557948e-02,
       -9.56389681e-02, 5.09031937e-02, -2.71966662e-02, -5.69939613e-04,
       -1.87947545e-02, -6.04257993e-02, -1.67198777e-02, 5.28121600e-03,
       -1.25323422e-02, 1.07494900e-02, -2.46044975e-02, -2.44828332e-02,
       9.63606033e-03, -4.77824286e-02, -7.46040838e-03, 1.73163600e-02,
       2.43851282e-02, 3.00088450e-02, 4.98333573e-02, -3.22603509e-02,
       2.21106280e-02, -7.09908232e-02, -8.76894128e-03, 9.08596162e-03,
