%YAML:1.0
---
matrix: !!opencv-matrix
   rows: 1
   cols: 512
   dt: f
   data: [ 2.18181591e-02, -3.40822265e-02, 3.76370475e-02,
       -2.06100922e-02, 4.62009273e-02, 3.06143798e-02, -3.81589793e-02,
       -1.55588416e-02, 5.20870127e-02, 6.07818291e-02, -6.07041903e-02,
       2.59575453e-02, 2.96951793e-02, 7.98930973e-03, -6.89840317e-03,
       1.36262653e-02, -1.36207500e-02, -1.36991022e-02, 3.29785012e-02,
       1.10967472e-01, 3.95900980e-02, -2.95036510e-02, 1.40151214e-02,
       -3.59556526e-02, -1.33125149e-02, 1.80240031e-02, -2.40728296e-02,
       1.43252751e-02, 8.11550394e-03, -1.74868088e-02, -7.80318156e-02,
       -9.31258202e-02, -5.57398424e-02, -7.25982189e-02,
       -8.11873302e-02, 2.30163988e-02, -4.55692336e-02, 7.14878924e-03,
       -4.94642220e-02, -2.13807207e-02, 6.30462617e-02, 3.67755406e-02,
       5.74654946e-03, -1.44653069e-02, -3.38333077e-03, 7.04033487e-03,
       -2.23354362e-02, 4.00386676e-02, 2.35002227e-02, -3.26578096e-02,
       -7.80249089e-02, 1.27788167e-02, 4.85726036e-02, 3.29120830e-02,
       9.81591758e-04, -1.00579215e-02, -1.40088424e-02, 7.31806532e-02,
       2.28925496e-02, 2.87374537e-02, -2.12293547e-02, -1.17535079e-02,
       1.48010943e-02, 5.13900481e-02, -6.21621273e-02, -2.97299400e-02,
       -5.91336824e-02, -1.14210760e-02, -5.55697903e-02,
       -2.29632277e-02, 1.02545269e-01, 4.88224486e-03, 4.41676565e-03,
       4.26151454e-02, -3.10240071e-02, 1.43450322e-02, 1.43590774e-02,
       -2.54051853e-02, -5.05041033e-02, 1.15405098e-02, -1.87034253e-02,
       -2.35345457e-02, -1.14498311e-03, -2.77115423e-02,
       -2.85049580e-04, 1.02537595e-01, -5.31812832e-02, 4.75870185e-02,
       -8.87265950e-02, -2.58174967e-02, 1.19308056e-02, 1.30488705e-02,
       -7.83305764e-02, -4.89923283e-02, 1.50220692e-02, -1.54698193e-02,
       -9.04422104e-02, -2.87329536e-02, -9.24566854e-03,
       -3.97201553e-02, -2.95628924e-02, -6.11852389e-03,
       -5.00683784e-02, -5.42795919e-02, -5.16669154e-02,
       -3.05168256e-02, -1.19478395e-02, -9.60723609e-02,
       -3.50393727e-02, -4.59871404e-02, 3.29240933e-02, 1.98180210e-02,
       -8.38472769e-02, -1.87920220e-02, -4.39943224e-02,
       -6.83391234e-03, -1.22901227e-03, 1.27597814e-02, 3.81695926e-02,
       -1.37389442e-02, -9.45807621e-03, -5.89153133e-02,
       -3.55604142e-02, -4.20044623e-02, -5.65885156e-02, 3.97237726e-02,
       1.15601812e-02, -1.49515383e-02, 5.65323345e-02, 1.05207162e-02,
       2.33849529e-02, 3.26503254e-02, -4.67589274e-02, -3.50649171e-02,
       -5.40477149e-02, 1.87966041e-02, -4.41768467e-02, 6.11447729e-02,
       4.09446657e-02, -1.87921599e-02, 2.92508379e-02, -5.11503518e-02,
       -2.34557525e-03, -5.06864674e-02, 7.51907192e-03, 7.80217499e-02,
       -8.47923476e-03, -2.68880557e-02, -1.01254210e-01,
       -1.91449206e-02, 4.89744172e-02, -5.70342429e-02, 3.92846838e-02,
       8.84801522e-02, -9.73178074e-03, 8.15814584e-02, -2.32639816e-03,
       -3.12332399e-02, -9.89713357e-04, -6.78648800e-02, 4.97561134e-02,
       -2.13879030e-02, -3.02597564e-02, -6.82470277e-02,
       -1.83995869e-02, 4.88623828e-02, 2.04119217e-02, 3.28559801e-02,
       -3.91176678e-02, 1.70044154e-02, -2.04871185e-02, -1.38432570e-02,
       1.87837258e-02, -9.98155307e-03, -1.46422945e-02, 7.28888884e-02,
       -3.96164991e-02, 4.12600003e-02, 1.23063419e-02, 7.13669658e-02,
       -4.87197610e-03, 8.16921368e-02, 4.58434634e-02, 4.84544113e-02,
       4.27155616e-03, -5.89176826e-02, -2.12210268e-02, -4.11141850e-02,
       1.84947122e-02, -1.56136579e-03, 3.87587138e-02, -2.47130785e-02,
       3.35480296e-03, -5.71829788e-02, 7.84493703e-03, -3.39959413e-02,
       5.40056080e-02, -6.24645269e-03, -9.03016236e-03, 7.32215941e-02,
       2.75142994e-02, -4.41879295e-02, -1.70131493e-02, -2.42316145e-02,
       -2.96720117e-02, -2.66992468e-02, -7.55753741e-02, 1.63499098e-02,
       -3.75787467e-02, -1.78714767e-02, -4.00129445e-02,
       -1.56535134e-02, -7.07287481e-03, -2.10743602e-02,
       -1.21729255e-01, -8.53861123e-02, -1.24556217e-02, 3.01404707e-02,
       -4.12176922e-02, -3.62466797e-02, -6.83498681e-02, 1.52488891e-02,
       -3.52873206e-02, -1.45671228e-02, 2.76394840e-02, 4.40968154e-03,
       -7.43124560e-02, -2.73028202e-03, -2.61950642e-02, 2.29307800e-03,
       3.87606882e-02, 7.54736289e-02, -4.41031642e-02, -1.98483784e-02,
       -5.11135999e-03, 4.62275445e-02, -1.50453458e-02, 6.76079541e-02,
       -1.34411640e-02, 3.61482352e-02, -1.68407299e-02, 3.07550523e-02,
       6.28183761e-06, 2.59245117e-03, -1.47925913e-02, 6.54208520e-03,
       -2.85485983e-02, 2.84376927e-02, 1.02234229e-01, 5.27458861e-02,
       2.18332442e-03, -1.95544492e-02, -1.70799829e-02, -6.38216138e-02,
       -8.38634744e-02, -3.61515745e-03, -3.59179676e-02, 4.05888893e-02,
       -2.87883054e-03, -1.34179398e-01, 1.02182247e-01, -2.57705431e-02,
       -1.21153472e-02, 6.04844652e-03, 3.33855078e-02, -1.60952657e-02,
       -5.69039993e-02, 5.09302765e-02, -2.44366247e-02, -1.35911545e-02,
       2.19864864e-02, 2.53647994e-02, 7.81286508e-02, -1.40110729e-02,
       9.58364606e-02, -3.13281007e-02, 2.62538763e-03, -9.46188644e-02,
       1.14036389e-02, -1.50434403e-02, -4.23708968e-02, -2.76960935e-02,
       -8.30218755e-03, -4.86567877e-02, 7.78845474e-02, -2.48990972e-02,
       1.58886835e-02, 4.11491515e-03, -3.32728168e-03, 3.36331800e-02,
       -3.26796137e-02, 2.43102182e-02, -1.01853959e-01, -9.79479700e-02,
       -3.34788226e-02, 2.25363709e-02, -1.20150894e-01, 2.66976859e-02,
       -2.42909649e-03, 6.97654784e-02, -7.93951526e-02, -6.32368997e-02,
       -6.75162226e-02, 9.54303239e-03, -6.46867789e-03, -1.52739566e-02,
       2.66831908e-02, -7.20101297e-02, 1.54067425e-03, -3.60623375e-02,
       2.46316679e-02, -2.70367377e-02, 5.01916781e-02, 3.69762965e-02,
       -3.25173996e-02, -4.39791521e-03, 6.20635301e-02, 8.95530451e-03,
       -9.90521908e-03, 8.35355893e-02, -2.06263885e-02, 2.98307426e-02,
       5.43111637e-02, -2.62664258e-03, 9.44809169e-02, 1.72162186e-02,
       1.50711797e-02, -4.39790823e-02, -5.66593790e-03, -9.24027562e-02,
       6.88424781e-02, 4.90656421e-02, -1.57808959e-02, 5.75987771e-02,
       -5.11757433e-02, 6.03493024e-03, 1.50690246e-02, -2.59502162e-03,
       6.39938414e-02, 6.20140433e-02, -7.51010654e-03, -8.48549753e-02,
       2.60622185e-02, 2.30713729e-02, 1.27277762e-01, -3.78130861e-02,
       4.50474620e-02, -3.69952172e-02, 6.93739802e-02, -8.80911499e-02,
       -6.08462244e-02, -2.76269652e-02, -3.30857337e-02,
       -2.35916637e-02, 3.48946154e-02, 9.28975176e-03, 4.97497171e-02,
       5.25021851e-02, 4.51365300e-02, -2.76151635e-02, -7.11636692e-02,
       -3.79455015e-02, 8.46043304e-02, 2.01901011e-02, -4.87167351e-02,
       -4.96199690e-02, -6.80647884e-03, -2.34380439e-02,
       -2.76966742e-03, -2.92099435e-02, 1.80878695e-02, -1.65216085e-02,
       2.24258061e-02, -2.47105490e-03, 3.06603294e-02, -4.88005159e-03,
       -1.68813355e-02, 2.28976831e-02, 5.03234379e-02, -6.91396464e-03,
       -8.23633373e-03, -7.07459971e-02, 1.72150470e-02, 2.85137240e-02,
       4.88161715e-03, 1.02289673e-02, 8.25247765e-02, 1.68424658e-02,
       1.04123298e-02, -1.15258573e-02, -4.62984014e-03, -2.68350113e-02,
       2.54948288e-02, -5.20720743e-02, -8.37502815e-03, 4.09739800e-02,
       8.67592078e-03, -5.05401753e-02, 2.64811772e-03, 6.68207109e-02,
       -5.17797843e-02, 1.91505533e-02, 4.18058224e-02, -4.83321995e-02,
       -6.36401102e-02, 3.21696363e-02, 1.90443601e-02, 5.73335290e-02,
       -2.66827848e-02, 8.91686138e-03, -1.43768201e-02, 7.38597196e-03,
       3.17811742e-02, -6.04295395e-02, -4.24642079e-02, 2.24418938e-02,
       2.12261286e-02, 3.19568403e-02, 1.75684094e-02, -2.79744435e-02,
       -6.19575232e-02, -5.00370795e-03, 4.95773889e-02, -6.63824975e-02,
       2.11594403e-02, -1.00768134e-01, 2.95128468e-02, -6.65446967e-02,
