%YAML:1.0
---
matrix: !!opencv-matrix
   rows: 1
   cols: 512
   dt: f
   data: [ -1.47897117e-02, 2.72910530e-03, 2.52973326e-02,
       5.01862876e-02, 6.49442524e-02, -9.00881439e-02, -8.78446922e-02,
       1.62411947e-02, -4.61545363e-02, 2.99907438e-02, 6.33707549e-03,
       3.67126806e-04, -1.72913186e-02, 8.86791758e-03, -2.41481885e-02,
       -5.63946776e-02, 5.94343767e-02, -2.47051269e-02, 7.39606246e-02,
       8.48239381e-03, 7.90884569e-02, -8.13381001e-03, 7.39472359e-02,
       9.46868360e-02, 3.66375186e-02, 8.28626305e-02, 7.36850724e-02,
       -7.45496675e-02, 4.33115996e-02, -1.62149798e-02, 3.79150547e-02,
       1.35516059e-02, 6.74197450e-02, -9.53160226e-03, -3.09408605e-02,
       5.92737086e-02, -7.12815672e-02, 3.84871364e-02, -1.03269115e-01,
       1.39134249e-03, 4.74377796e-02, -4.38583829e-02, 6.28178380e-03,
       1.58982426e-02, 3.37266028e-02, 3.00949384e-02, -4.05534804e-02,
       1.47448247e-02, 1.31083895e-02, -2.93753594e-02, 1.94262732e-02,
       -1.13533139e-02, 4.18904191e-03, -3.22438255e-02, -1.52807999e-02,
       -1.00875847e-01, -9.41903144e-03, 5.63966855e-02, 3.46658565e-02,
       -1.76180881e-02, -1.22060664e-02, -4.48290333e-02,
       -4.09300178e-02, 2.34416891e-02, 2.37442590e-02, -4.34195846e-02,
       9.09923017e-02, 3.93286124e-02, 3.63332853e-02, 3.07717081e-02,
       3.94177344e-03, -3.34796645e-02, -2.33546011e-02, -5.00417426e-02,
       -1.39370386e-03, 1.51671458e-03, 4.05295268e-02, -3.89501750e-02,
       -7.31045082e-02, 7.89222494e-02, -5.35931066e-02, -2.99053565e-02,
       3.84820774e-02, -7.94454440e-02, -4.88656238e-02, -4.81738225e-02,
       -2.06612274e-02, 2.67709587e-02, 6.91018440e-03, -6.97531030e-02,
       -2.74183154e-02, 3.63904648e-02, -2.47628056e-02, -2.05360539e-02,
       -3.07593402e-02, -6.66958839e-02, -7.69041106e-02, 3.03934366e-02,
       -6.83533251e-02, -7.17327744e-02, -7.67926276e-02, 4.84553538e-02,
       8.11306760e-03, -1.19085619e-02, 7.04352336e-04, 3.46494809e-04,
       -1.37875751e-02, 5.95914200e-02, -1.11527881e-02, 2.52513178e-02,
       -1.49987144e-02, -4.40070406e-02, 2.30084248e-02, 2.61488091e-02,
       -8.40314478e-02, 5.71771078e-02, 1.11547381e-01, -2.56575104e-02,
       2.73395497e-02, -2.46419609e-02, -2.98209279e-03, -1.22079715e-01,
       5.88398315e-02, -1.21369679e-02, -7.15305582e-02, -2.83422675e-02,
       -3.68495733e-02, 1.60048641e-02, -3.13623552e-03, -7.89803565e-02,
       -4.18110890e-03, 1.56898797e-02, -3.01974304e-02, -5.51580973e-02,
       3.22638303e-02, -5.19447923e-02, -2.75269039e-02, 5.82738919e-03,
       -6.16385490e-02, -1.39339091e-02, 4.75957170e-02, -1.27005093e-02,
       -1.08546559e-02, -4.42531100e-03, 8.16867873e-02, 2.48743333e-02,
       -5.77249527e-02, -3.25816385e-02, -3.43409553e-02,
       -2.42754519e-02, -5.52131422e-02, -4.06602630e-03, 6.80756122e-02,
       7.17103034e-02, 2.88865380e-02, 1.38431843e-02, 2.04031430e-02,
       4.91718762e-02, -2.61670221e-02, 4.69878130e-02, 3.46321985e-02,
       -3.85751873e-02, -5.65869585e-02, -1.56944003e-02,
       -8.12631194e-03, -2.00366899e-02, 2.37244982e-02, -6.78328276e-02,
       4.50799800e-02, -1.15293590e-02, -2.56795827e-02, -1.33257331e-02,
       -4.90508834e-03, 8.45127180e-02, -6.37946576e-02, -6.45295307e-02,
       -3.39292809e-02, -7.56389042e-03, 1.66942943e-02, 6.53956039e-03,
       -9.79374017e-05, -7.36754527e-03, -3.56068686e-02, 3.52082364e-02,
       -7.26264566e-02, 1.85724963e-02, -8.77849236e-02, -1.61605850e-02,
       -6.11273646e-02, -8.48818384e-03, -9.69871599e-03, 4.43342654e-03,
       -2.41008550e-02, 1.93607062e-02, 3.41325551e-02, 6.42566234e-02,
       -3.57301976e-03, 4.49006967e-02, 3.28833424e-03, -8.16286281e-02,
       -4.66374569e-02, 3.14289108e-02, -1.14000989e-02, 1.35213463e-02,
       -1.89681947e-02, 5.68657555e-02, -9.18981060e-03, -2.35490669e-02,
       -3.91128799e-03, -2.58482136e-02, 1.60144847e-02, -4.11250964e-02,
       3.16290408e-02, -1.07351858e-02, 6.61704764e-02, -3.64848748e-02,
       2.83207539e-02, 2.47433707e-02, -3.47904526e-02, -5.97465262e-02,
       2.35508364e-02, -5.83621673e-02, 2.21227128e-02, 2.28501577e-02,
       4.63332012e-02, 2.52786893e-02, -2.42820159e-02, 1.25220895e-01,
       5.47598526e-02, 1.05620725e-02, 6.47854954e-02, 1.47309713e-02,
       2.10118499e-02, 6.66278154e-02, -9.76284221e-03, -1.92508078e-03,
       -1.23927603e-02, -5.67120500e-02, 6.87261447e-02, 1.66981108e-02,
       4.47759330e-02, 8.27219151e-03, 3.64887118e-02, -1.65246949e-02,
       1.54344887e-02, -1.51525913e-02, -6.63170591e-02, -2.26518698e-02,
       -3.88227515e-02, -7.76463673e-02, -5.42229228e-02, 2.21473631e-02,
       7.86808282e-02, -2.98169516e-02, -3.40381451e-02, -5.60267456e-02,
       4.07335386e-02, 2.20828559e-02, 1.93617716e-02, -6.74465597e-02,
       -1.79691927e-03, 5.98595329e-02, 3.13311070e-02, -2.43532844e-03,
       -6.58986941e-02, 3.16346716e-03, -6.98024733e-03, 5.95088005e-02,
       -9.26868543e-02, -2.42437832e-02, -4.14828025e-03, 1.94107797e-02,
       -7.45030046e-02, 5.01298793e-02, -4.77183610e-02, -6.27893861e-03,
       -8.21411051e-03, -6.15829565e-02, -5.00760414e-02,
       -1.83154158e-02, 5.79370968e-02, 3.70467603e-02, -9.97922122e-02,
       -6.28715456e-02, -1.36075348e-01, -4.40341281e-03,
       -1.47470040e-02, 1.30968133e-03, 5.82153648e-02, -5.96420579e-02,
       -6.59698844e-02, 2.93286145e-02, -9.90846008e-03, -4.49378453e-02,
       -1.69049371e-02, -3.10023036e-02, 1.32881314e-03, 1.19951414e-02,
       3.87909380e-03, -2.51978021e-02, 8.67775735e-03, 3.46896611e-02,
       -1.49275381e-02, -6.16848208e-02, -2.55567804e-02,
       -2.07115989e-02, -6.97413012e-02, -2.28621196e-02, 7.40831345e-02,
       -1.45079643e-02, 1.26582664e-02, -3.41599137e-02, 4.56804745e-02,
       -9.25367605e-03, 4.95527163e-02, -5.76938167e-02, 9.17437673e-02,
       2.20794231e-03, 5.95042966e-02, 1.41235683e-02, -3.64797264e-02,
       -7.32094795e-02, -4.29256521e-02, -1.55272996e-02, 2.67988145e-02,
       -2.54281387e-02, 5.29244356e-02, -2.87729315e-02, 7.97868893e-02,
       9.45463628e-02, -8.51512328e-03, 2.85328124e-02, -8.07471666e-03,
       1.30483136e-02, -4.56131110e-03, 2.82333326e-02, 5.95395453e-02,
       7.56729618e-02, -5.69358543e-02, -3.58386412e-02, -1.66885741e-03,
       1.89253371e-02, 5.48425242e-02, -8.97953752e-03, -8.28802288e-02,
       -1.93576105e-02, 3.22413258e-02, 1.57841947e-02, 6.19532540e-03,
       1.36198714e-01, 3.85480337e-02, -4.63639200e-02, 2.60016304e-02,
       -8.84971991e-02, 8.72679427e-03, -6.61157668e-02, 1.95158012e-02,
       1.18498653e-02, -9.20460466e-03, 2.15855017e-02, -1.81485398e-03,
       -4.98345878e-04, 3.55718955e-02, -2.78677586e-02, 3.83427255e-02,
       2.64401715e-02, -1.10659031e-02, 6.52377531e-02, 2.92358231e-02,
       1.25971064e-02, 2.25288905e-02, -4.98094521e-02, 3.56827006e-02,
       6.77572936e-02, 1.01807201e-02, 2.35300083e-02, -6.86573610e-02,
       -4.05764468e-02, -9.25501660e-02, -2.02146941e-03,
       -2.63184658e-03, -1.79108810e-02, -2.69732699e-02, 6.79828078e-02,
       -2.47921739e-02, 6.39271364e-02, -1.53731396e-02, 4.76491414e-02,
       4.34010401e-02, -2.52733044e-02, 7.17746019e-02, -4.08595316e-02,
       -5.35173789e-02, 4.69419882e-02, 7.94088095e-02, -4.00203690e-02,
       7.51782209e-02, 4.64332886e-02, 7.97848124e-03, 7.30730593e-02,
       1.89300794e-02, 7.36944471e-03, -5.43640926e-03, 3.33933048e-02,
       -2.69701071e-02, 2.60627586e-02, -9.21998452e-03, -4.52186391e-02,
       4.40142788e-02, -4.40846831e-02, 1.13296332e-02, 6.52310252e-02,
       -2.45954096e-02, -8.12976062e-03, -2.61703748e-02,
       -1.24070072e-03, 3.03550977e-02, 2.12744009e-02, 1.72665101e-02,
       3.27962637e-02, -1.23707168e-02, -1.47772767e-03, -4.73512448e-02,
       3.70872281e-02, -8.15201923e-02, 3.48673314e-02, 4.45333011e-02,
       -6.26916066e-02, -1.41132446e-02, -1.04526607e-02,
