%YAML:1.0
---
matrix: !!opencv-matrix
   rows: 1
   cols: 512
   dt: f
   data: [ 2.71968562e-02, 7.21435919e-02, 7.03653097e-02,
       1.59568880e-02, 4.00645938e-03, -7.77318776e-02, -8.02550744e-03,
       2.42837109e-02, 6.34577796e-02, -2.25947276e-02, -1.76457725e-02,
       -2.96670180e-02, 5.27353436e-02, -3.59402969e-02, 9.66117252e-03,
       5.70328757e-02, 3.47923189e-02, -1.58817917e-02, 4.35696468e-02,
       3.97541709e-02, 3.49947400e-02, -4.01410237e-02, 3.95525284e-02,
       -9.35948920e-03, 9.11006182e-02, 4.80893031e-02, 1.98979117e-02,
       -6.49864972e-02, 1.13934306e-02, 4.60888185e-02, 4.09199744e-02,
       -6.35954663e-02, 5.08502685e-02, -2.15905048e-02, 1.47071909e-02,
       1.89758337e-03, -2.31905859e-02, -2.02239302e-04, 4.61272858e-02,
       -1.34085454e-02, 1.87535714e-02, 2.60733962e-02, -5.41111175e-03,
       1.37981931e-02, -4.24143448e-02, -7.82727916e-03, 4.70003560e-02,
       3.03124506e-02, 1.08994581e-02, 8.08628350e-02, -1.74765028e-02,
       -2.54001021e-02, 1.50765190e-02, -4.22713272e-02, 7.07952640e-05,
       1.57268601e-03, -9.24701095e-02, -2.17522290e-02, 2.79910620e-02,
       -6.64799754e-03, 1.39334481e-02, 8.74738768e-02, -6.09271042e-02,
       -4.42612395e-02, 6.48685619e-02, 1.83251053e-02, 5.13002165e-02,
       3.76004279e-02, 1.10559110e-02, -3.55393775e-02, -7.48382807e-02,
       3.94555517e-02, -4.40530665e-02, -2.57756114e-02, -1.80953927e-02,
       7.17795081e-03, 4.35869023e-02, -6.38144314e-02, -1.52956117e-02,
       -1.96894836e-02, -4.62979376e-02, -4.79725562e-02,
       -6.77715018e-02, 4.35352474e-02, 4.86221835e-02, 7.32055157e-02,
       -5.65321045e-03, -2.03687269e-02, 5.70003204e-02, 1.44119440e-02,
       1.95218343e-02, 7.24080577e-02, 3.26402299e-02, 5.46383187e-02,
       -2.25638598e-02, -3.72802354e-02, -6.13943208e-03, 6.06315956e-03,
       -5.08190058e-02, 8.61593243e-03, 1.70086008e-02, -4.60844953e-03,
       -9.46194455e-02, 5.73680364e-02, 7.60913789e-02, 3.80922519e-02,
       4.72074226e-02, 2.00023805e-03, 4.11935756e-03, -5.38373180e-02,
       -3.18151303e-02, -5.35335429e-02, 2.40876917e-02, -3.10930368e-02,
       -1.04586007e-02, -2.36475877e-02, 1.93618815e-02, -4.72965389e-02,
       -8.56903614e-04, 1.32870034e-03, 1.57168806e-02, 1.00082648e-03,
       -2.49431394e-02, 1.02082696e-02, 1.57978106e-02, 5.30471914e-02,
       5.46406023e-02, -8.64043250e-04, -4.45103347e-02, 1.19024729e-02,
       -4.12821919e-02, -1.63668580e-02, 1.69159379e-02, -2.94749960e-02,
       7.41394013e-02, 1.48578197e-01, 8.64109620e-02, -5.18109277e-02,
       -2.01091748e-02, 4.28395011e-02, -3.62641700e-02, 4.07012776e-02,
       1.72547176e-02, 7.94323981e-02, 4.88269003e-03, 4.53833453e-02,
       -3.58067043e-02, -1.93561185e-02, -9.62731466e-02,
       -2.37922408e-02, 7.89619461e-02, -1.70500558e-02, 4.66235876e-02,
       3.79866250e-02, 1.13927787e-02, 5.35067320e-02, -1.22652799e-02,
       6.44829944e-02, 4.98986654e-02, -1.26484362e-02, 2.98637827e-03,
       4.31809910e-02, -4.02446873e-02, 5.46797412e-03, 4.87021310e-03,
       -1.66103374e-02, 2.14626417e-02, -4.32476401e-03, 9.70046036e-04,
       -3.25029828e-02, 3.79789285e-02, -1.73199549e-03, 3.80040966e-02,
       8.18306208e-03, -1.31540594e-03, -2.12459522e-03, 3.42832669e-03,
       8.13552924e-03, 3.50829156e-04, -2.90881172e-02, -5.35519281e-03,
       5.47531694e-02, -4.15993407e-02, -5.64388186e-02, -3.77866216e-02,
       1.48936131e-04, -3.58633250e-02, 9.23696235e-02, -6.29719198e-02,
       4.61282507e-02, 5.40184677e-02, -1.96208563e-02, -6.91894516e-02,
       1.32093783e-02, -2.30776565e-03, -5.19576892e-02, 2.35758983e-02,
       -8.57372507e-02, 5.98924384e-02, -3.75990644e-02, 6.06933795e-02,
       -3.15279365e-02, 2.53318390e-03, -3.04661822e-02, 3.57877873e-02,
       7.35016316e-02, -7.94447213e-02, -3.09635792e-02, 6.69107493e-03,
       5.49845770e-03, 1.64482358e-03, 5.43724978e-04, 2.07574107e-02,
       6.27865419e-02, 3.92557085e-02, 3.67958322e-02, -5.27178729e-03,
       -2.85354909e-03, -3.14876474e-02, -2.14431677e-02, 7.24526346e-02,
       -1.91367213e-02, 4.69764955e-02, 2.30475403e-02, 5.20402417e-02,
       5.02851196e-02, -4.07580473e-02, 3.94097082e-02, 3.71436216e-02,
       -7.50060380e-02, 1.40865343e-02, 1.88039092e-03, 5.37649728e-02,
       4.84748334e-02, -9.61310714e-02, -4.10325378e-02, -3.11223958e-02,
       5.99350147e-02, -6.28686920e-02, 2.21738592e-02, -1.79090723e-02,
       -3.30254361e-02, 1.13176263e-03, 2.32922733e-02, 5.08324914e-02,
       4.09087137e-04, 7.01032057e-02, 4.64369683e-03, 4.87231277e-02,
       -3.57906707e-02, -6.17414378e-02, -6.89063221e-02, 7.81147406e-02,
       -6.65726811e-02, 5.36483340e-03, -2.68634893e-02, -7.84469545e-02,
       -1.17797498e-02, -2.69884560e-02, -7.35434995e-04,
       -3.52812596e-02, -5.45483129e-03, -8.29086080e-02, 1.58091847e-04,
       2.99945604e-02, 6.25016391e-02, -3.42972726e-02, 7.25166872e-02,
       -1.58488248e-02, 3.57903168e-02, -1.45829087e-02, 4.61314991e-02,
       -2.04530805e-02, 2.56399736e-02, 6.18474111e-02, 2.79679298e-02,
       6.33852882e-03, -2.79067717e-02, 2.45808363e-02, 3.94290239e-02,
       -2.90002972e-02, 3.07462048e-02, 3.35118413e-04, -1.94374137e-02,
       6.14863820e-03, -9.56668332e-02, 4.17288281e-02, 8.71275067e-02,
       6.67187870e-02, 5.36610112e-02, 3.25999297e-02, 1.66933499e-02,
       1.30859567e-02, 1.03193661e-02, -6.16111904e-02, 5.32746948e-02,
       -2.83242483e-02, -6.02589175e-02, 6.09587412e-03, -5.84786125e-02,
       -4.66229171e-02, -5.35029471e-02, 8.96352530e-02, 6.91253040e-03,
       -2.13716179e-02, -1.18167192e-01, 2.27788258e-02, -6.72193915e-02,
       2.27913931e-02, -7.26753613e-03, 4.33786102e-02, -4.53922078e-02,
       -3.02131008e-02, 3.21875364e-02, 9.51942801e-02, 8.06014892e-03,
       5.78946481e-03, 2.30124723e-02, -4.22227606e-02, 2.78177094e-02,
       -7.78901763e-03, 6.48506582e-02, -2.35480554e-02, 4.70082946e-02,
       4.55099484e-03, 4.61706407e-02, -6.24353178e-02, 5.68921119e-02,
       -2.91677043e-02, 8.15079808e-02, 3.75416130e-02, -2.66722087e-02,
       -8.71756449e-02, 6.66650459e-02, -5.35829216e-02, -2.41143890e-02,
       1.94745474e-02, 4.87335399e-03, -3.72834951e-02, 7.23091289e-02,
       1.99421905e-02, 1.36447465e-02, -5.08876033e-02, -1.20462254e-02,
       -5.94131462e-02, 8.31041709e-02, 6.00101659e-03, 4.58110832e-02,
       -9.15450603e-02, -2.92057404e-03, 2.85211077e-04, -8.52493346e-02,
       -4.08871099e-03, 8.38960521e-03, 3.22312899e-02, 4.20867018e-02,
       6.76143840e-02, 5.09386994e-02, 7.17619015e-03, -3.69234718e-02,
       3.76827642e-02, -5.71817346e-02, 1.35521710e-04, 8.32304265e-03,
       1.29436674e-02, -7.86238238e-02, -4.19803709e-02, -3.97388041e-02,
       4.49908338e-02, 1.87042188e-02, 3.40775289e-02, -1.16561586e-02,
       8.77085477e-02, 4.75873575e-02, -1.04500977e-02, 1.62270851e-02,
       -2.72153877e-02, 8.41976404e-02, 4.35556024e-02, 7.25452602e-02,
       -3.02113164e-02, 3.76479365e-02, 2.54876334e-02, -6.89571649e-02,
       -2.89183240e-02, 2.08432358e-02, 5.06175160e-02, -8.27824324e-03,
       4.43331450e-02, -4.00460092e-03, -9.17287096e-02, -5.05396165e-02,
       2.98504196e-02, -1.24771908e-01, 3.27942930e-02, -4.36251238e-02,
       6.83755949e-02, 4.61518541e-02, 2.05934718e-02, 6.99810982e-02,
       -4.01711352e-02, -5.61644249e-02, 6.64687902e-02, 5.55511611e-03,
       9.24086720e-02, 7.56575912e-03, 8.02974701e-02, 1.43798795e-02,
       5.29160909e-03, -3.01919580e-02, 1.54860318e-02, -1.50131807e-02,
       -1.39167241e-03, -6.80975094e-02, 1.91662628e-02, -2.00310443e-02,
       -6.53871372e-02, -2.08884105e-02, 6.20834380e-02, -7.76741700e-03,
       -2.57628113e-02, -1.66477971e-02, 6.75634807e-03, -1.86524671e-02,
       4.19373922e-02, -2.63006929e-02, 4.11275513e-02, 3.83441243e-03,
       4.37327251e-02, -5.94359636e-02, 8.90509784e-03, -6.62386930e-03,
