%YAML:1.0
---
matrix: !!opencv-matrix
   rows: 1
   cols: 512
   dt: f
   data: [ -8.41293857e-02, 2.89713442e-02, -3.99810374e-02,
       7.27732340e-03, -3.32144499e-02, -1.52296312e-02, 2.70616785e-02,
       4.92539927e-02, 5.06560542e-02, -8.69094282e-02, -4.81923260e-02,
       2.23424658e-02, 4.12125252e-02, -3.61690335e-02, -8.28619755e-04,
       -3.95928770e-02, -9.17059332e-02, -1.30888559e-02, 2.66341660e-02,
       -3.95148527e-03, 2.72063278e-02, 8.12374894e-03, 7.48188281e-03,
       3.17689367e-02, 1.17328875e-02, -2.64686253e-02, -9.10394788e-02,
       -1.62377022e-02, -2.36405544e-02, -9.12873149e-02, 7.59648997e-03,
       3.03715542e-02, 7.31013045e-02, 1.48754788e-03, -8.73159021e-02,
       1.80946458e-02, 1.13143725e-03, -4.58636768e-02, -5.10496199e-02,
       -7.24959522e-02, -1.83764589e-03, -1.43427569e-02, 3.88286375e-02,
       -6.31682575e-02, 1.93454586e-02, -1.21612439e-03, -4.20063399e-02,
       8.08150321e-02, 3.06994822e-02, -2.57731080e-02, 2.27522533e-02,
       -2.33953651e-02, -2.36442909e-02, 8.75576341e-04, 1.81233939e-02,
       -6.44189119e-02, 2.01097061e-03, 1.09017566e-01, -1.78534687e-02,
       -3.03823091e-02, -5.85610233e-02, 2.15880610e-02, -8.09980333e-02,
       7.43634477e-02, 2.30519976e-02, 6.28376603e-02, 3.97208929e-02,
       -3.46489646e-03, -2.32825410e-02, -2.45127920e-03, 6.28868043e-02,
       -7.07468763e-02, -8.11642483e-02, -4.44626547e-02, 9.64150131e-02,
       -1.21534225e-02, 2.66212933e-02, -3.51384729e-02, 9.93062090e-03,
       -1.49931200e-02, -8.30983929e-03, 3.36664822e-03, 3.97272967e-02,
       -9.37243924e-02, -3.90617438e-02, 3.21148522e-02, -6.82101119e-03,
       6.12786040e-02, 2.25932635e-02, 2.44019460e-02, 6.74708784e-02,
       4.54062335e-02, -3.56246941e-02, -3.75675480e-03, -5.98674044e-02,
       3.60477306e-02, -8.58692974e-02, -2.55524181e-02, -2.05147592e-03,
       -1.46647878e-02, 3.64722572e-02, 2.25411952e-02, -6.70937821e-02,
       4.13162336e-02, 9.19684470e-02, -1.56039046e-02, -7.07240356e-03,
       2.98640188e-02, -2.87549272e-02, 4.05121334e-02, -9.44704041e-02,
       -2.48621926e-02, -5.69627583e-02, 3.75426258e-03, -3.59221473e-02,
       4.37165573e-02, 7.74404332e-02, 4.90902290e-02, 1.95696596e-02,
       -3.84042487e-02, -9.57561284e-03, -1.04611024e-01,
       -2.19745375e-02, -4.31691669e-02, 2.60569453e-02, -7.54089877e-02,
       2.95220427e-02, 5.22141345e-02, 2.74105836e-02, -5.95549047e-02,
       5.01212925e-02, 5.42322434e-02, 3.41303870e-02, -5.13367467e-02,
       -5.75463697e-02, 3.26003954e-02, -2.48421989e-02, 9.96907204e-02,
       6.00302853e-02, -3.21480781e-02, 4.67107110e-02, 7.58599117e-02,
       -2.90615372e-02, 2.66148746e-02, -2.22628452e-02, -7.00927824e-02,
       -1.12218084e-02, 2.31898874e-02, 3.93156372e-02, 9.39076543e-02,
       7.43726343e-02, 3.98223437e-02, 6.31442964e-02, -5.92754297e-02,
       4.63629812e-02, 1.07440054e-01, -4.31370921e-02, -2.31631286e-02,
       -4.64558927e-03, -1.04209175e-04, -1.10609783e-02,
       -1.18813114e-02, -3.25314179e-02, 1.49466554e-02, 4.33038250e-02,
       -1.97774544e-02, 2.23919936e-02, -2.34943815e-02, -1.34872301e-02,
       2.57183462e-02, -2.29153000e-02, -1.66777186e-02, 1.03946783e-01,
       -4.64216843e-02, -9.40841902e-03, -1.18987346e-02, 2.95930225e-02,
       1.82439070e-02, 1.90692060e-02, 8.75062495e-03, 2.40701064e-03,
       2.06276998e-02, 5.10512851e-03, -5.39154001e-03, 3.11774332e-02,
       -8.42596963e-02, -5.93255199e-02, -7.50936642e-02,
       -1.86384190e-02, -1.37010636e-02, 3.81649844e-02, 9.38106037e-04,
       1.58051087e-04, -5.24492376e-02, -4.00006138e-02, -3.21902670e-02,
       5.35570122e-02, -2.44855769e-02, -8.57000332e-03, 4.84418459e-02,
       1.17699593e-01, 8.09163898e-02, -2.16657035e-02, -2.47054286e-02,
       -5.65738901e-02, 8.80991071e-02, 2.79837195e-02, 5.35525866e-02,
       6.98854849e-02, -2.54573636e-02, 5.43612167e-02, -2.78170947e-02,
       -3.44780050e-02, -8.80670249e-02, -4.13617827e-02,
       -4.28541526e-02, 2.25820541e-02, 1.35035170e-02, 2.34199930e-02,
       -3.47957388e-02, 2.16406584e-02, -6.57269135e-02, 1.35684283e-02,
       5.33947982e-02, 3.28717008e-02, -5.85358366e-02, -5.55265546e-02,
       2.51431689e-02, 2.91902255e-02, -6.49161935e-02, -5.62604750e-03,
       1.78942475e-02, 1.44917425e-02, 5.64871058e-02, -7.20553026e-02,
       -3.32399132e-03, -4.59116697e-03, -6.28555715e-02,
       -3.25111225e-02, 1.02173176e-03, -1.84082258e-02, -9.52344760e-03,
       2.61772051e-02, -4.28731041e-03, 1.58328041e-02, 2.60600876e-02,
       -7.06495252e-03, 3.42205092e-02, 1.81750730e-02, 2.10835449e-02,
       -7.95231536e-02, 2.44747009e-02, 3.51302675e-03, -1.58077367e-02,
       -3.14093158e-02, -1.67153776e-02, -1.20876133e-02,
       -2.45953933e-03, -2.20475793e-02, 2.09122878e-02, 1.07984701e-02,
       -4.36202101e-02, 2.66472418e-02, 8.86437669e-03, 2.65631005e-02,
       3.10365781e-02, -3.66966575e-02, -3.29844318e-02, -9.65783149e-02,
       -1.28783630e-02, 4.21994552e-03, 7.49889314e-02, -1.94815043e-02,
       2.45168768e-02, 1.04459915e-02, -1.50838960e-02, -3.84386778e-02,
       1.20465853e-03, -3.44049744e-03, -8.05012323e-03, -6.76599219e-02,
       5.39800413e-02, -4.30880040e-02, -2.02278774e-02, -8.32045898e-02,
       6.07851185e-02, -6.34140074e-02, 3.21949646e-02, 5.92781082e-02,
       2.20693721e-04, 4.82063275e-03, -1.49759036e-02, 2.49315263e-03,
       2.34160703e-02, 2.46469909e-03, -5.05343229e-02, -4.92225401e-02,
       6.38424903e-02, 3.68011706e-02, 5.33086844e-02, -1.00942980e-02,
       3.12805958e-02, 3.78581434e-02, 6.03748001e-02, 3.40538030e-03,
       -4.24888022e-02, -4.50741909e-02, 2.49602254e-02, -1.07522439e-02,
       4.45860624e-02, 1.35766494e-03, 7.11140037e-02, -2.25701053e-02,
       2.51800809e-02, 6.13012491e-03, -8.26160889e-03, -1.77932680e-02,
       -4.91513349e-02, -4.37263064e-02, -1.79055575e-02, 6.28112853e-02,
       4.28703204e-02, 3.53389457e-02, 3.58484569e-03, -2.71428805e-02,
       -4.29407433e-02, -5.81248514e-02, -7.70273283e-02,
       -2.60804989e-03, 7.69082166e-04, 5.46631701e-02, -5.07416837e-02,
       -7.15100616e-02, 9.69827399e-02, 3.76319475e-02, -1.70850067e-03,
       2.12254208e-02, -2.45907158e-02, 1.02567486e-02, -1.04955966e-02,
       1.05050011e-02, -8.79419073e-02, 2.46239789e-02, 4.59374487e-03,
       -9.15565416e-02, -8.30951147e-04, -7.93894473e-03,
       -3.05766333e-02, -3.19035761e-02, -2.59852018e-02, 2.12980621e-02,
       -5.08260690e-02, 1.97962299e-02, 2.26676045e-03, 2.23508794e-02,
       2.17991732e-02, 5.52328769e-03, -4.11496572e-02, 4.59994515e-03,
       2.11666785e-02, -1.33831548e-02, 1.57516785e-02, 2.91980673e-02,
       -2.37078592e-02, -2.60358304e-02, -6.90207854e-02,
       -4.79850024e-02, -8.34589731e-03, 4.12140181e-03, -6.62183538e-02,
       -6.01108223e-02, 4.47953902e-02, 3.11468113e-02, -4.01030965e-02,
       -5.35194352e-02, -2.12967163e-03, 6.39516115e-02, -5.71718998e-02,
       1.20325284e-02, -4.95085567e-02, -5.83654083e-02, -4.58647832e-02,
       -3.25727090e-02, -4.75729555e-02, -4.05104160e-02,
       -6.32282794e-02, 2.58490015e-02, -7.86054134e-02, 2.90608946e-02,
       -8.82344320e-02, -1.59492735e-02, -4.75033261e-02,
       -2.18670722e-02, -6.43088967e-02, 3.07798106e-02, 3.84932198e-02,
       2.58593168e-03, 6.61527226e-03, -1.87366363e-02, -2.03474648e-02,
       -5.59426434e-02, 5.26664928e-02, 4.56270836e-02, -2.99413316e-02,
       -3.53544466e-02, 8.14741701e-02, -7.95072913e-02, -3.70291807e-02,
       3.73337939e-02, -2.14170162e-02, -7.54183456e-02, -2.24887952e-02,
       1.44104082e-02, 1.91910472e-02, 3.80221419e-02, -1.91907119e-02,
       -6.57963827e-02, 8.54329094e-02, -1.89964585e-02, -6.49542287e-02,
       3.66176255e-02, 1.16181485e-02, -2.57468261e-02, -6.43179715e-02,
       -4.74107675e-02, 3.06794140e-02, 2.70173009e-02, -1.74588412e-02,
       -6.67669028e-02, 8.85952916e-03, -6.26532885e-04, -1.26053048e-02,
