%YAML:1.0
---
matrix: !!opencv-matrix
   rows: 1
   cols: 512
   dt: f
   data: [ -1.96853206e-02, -1.66366342e-02, 6.33081421e-02,
       3.44571508e-02, 2.50413083e-02, 1.18670976e-02, -2.30392050e-02,
       -1.10660614e-02, -2.65934020e-02, -4.31781309e-03, 9.14075528e-04,
       -3.12527642e-02, 4.09323201e-02, 1.88708138e-02, 9.22685023e-03,
       -6.30527437e-02, -4.51646149e-02, -9.03098728e-04, 5.71689010e-03,
       1.91836338e-02, -3.67299857e-04, -2.28291266e-02, 1.73647478e-02,
       9.58879441e-02, -9.39657837e-02, 4.00943942e-02, -3.92175540e-02,
       -2.13422328e-02, -6.13222122e-02, 2.09061354e-02, -2.78949067e-02,
       3.82627398e-02, 5.94280660e-03, 6.93376223e-03, 7.63000920e-02,
       3.43596982e-03, -4.61003296e-02, -3.93350571e-02, -3.09201665e-02,
       5.34266345e-02, -4.96835038e-02, -3.66293378e-02, -6.35980815e-02,
       -6.10838868e-02, -7.27984607e-02, 5.98126240e-02, -3.68456217e-03,
       3.30245607e-02, 7.22634047e-02, -1.71948802e-02, -4.93103638e-02,
       8.84844456e-03, 2.15851422e-02, 5.51932901e-02, -1.96023714e-02,
       -2.52203140e-02, 2.16993690e-02, 2.14642584e-02, -3.61359604e-02,
       5.45601137e-02, -3.18531692e-02, -8.92905071e-02, -9.24644619e-02,
       1.23240508e-03, -2.24473458e-02, 2.78732344e-03, -4.89895530e-02,
       3.13817039e-02, 7.61713907e-02, 3.49044316e-02, -4.51219827e-02,
       -5.12911566e-02, -1.72293894e-02, -1.65889934e-02,
       -2.28055436e-02, 7.38882199e-02, -3.67181078e-02, -2.00333204e-02,
       -8.62155296e-03, -4.89460258e-03, -6.21755049e-03, 1.47468969e-02,
       -5.27290106e-02, -4.06035073e-02, -7.86801279e-02,
       -4.62709591e-02, -1.25775924e-02, 4.21798155e-02, 8.15513879e-02,
       1.60602294e-02, 1.03093892e-01, 3.69216911e-02, 3.61815020e-02,
       -7.89254382e-02, 1.11422008e-02, -1.84581131e-02, -1.13381468e-01,
       1.56312101e-02, -6.21377910e-03, -6.20103739e-02, 6.25003278e-02,
       7.05203041e-02, 5.08323610e-02, 1.97569076e-02, 2.93803378e-03,
       -2.98071150e-02, -4.35341075e-02, 5.62878139e-03, 4.08434011e-02,
       1.14810020e-02, 1.83410663e-02, -3.24906893e-02, -1.04585933e-02,
       7.25056324e-03, -7.00621083e-02, -1.57038607e-02, -1.59178097e-02,
       -4.89805825e-02, 1.51061583e-02, -6.91837743e-02, -3.27136889e-02,
       -9.19252448e-03, 2.67883968e-02, 1.24807842e-02, -7.31055066e-02,
       -2.66659595e-02, -1.13650248e-03, -1.31261582e-02,
       -3.60198766e-02, -2.18039490e-02, 8.22497457e-02, -3.03965490e-02,
       4.50380333e-02, 5.79114584e-03, -3.43581289e-02, -6.09148480e-02,
       -3.82424966e-02, 3.72789763e-02, -5.82076050e-02, -6.01097159e-02,
       2.98255831e-02, 3.03059202e-02, -2.84656584e-02, 7.23004267e-02,
       5.25283553e-02, -1.54237114e-02, -9.81534645e-03, 1.16882669e-02,
       -4.19308990e-03, -1.63850153e-03, -1.41751708e-03,
       -4.56055775e-02, -3.68253253e-02, -4.39357152e-03,
       -3.82193886e-02, 4.90129292e-02, -3.12370993e-02, 1.34725729e-02,
       -8.93152505e-03, -3.62754241e-03, -1.42967086e-02,
       -7.60296313e-03, 3.22902240e-02, -7.20674032e-03, -9.95741226e-03,
       1.39651895e-02, -6.33959752e-03, -5.04828468e-02, 2.82698572e-02,
       1.71866082e-03, -5.59676625e-02, -2.75596995e-02, 2.98689399e-02,
       -2.14912333e-02, -2.13753711e-02, 1.45547716e-02, 5.73890209e-02,
       -7.57678226e-03, 2.16991026e-02, 5.78703582e-02, 4.47428077e-02,
       6.42835051e-02, 4.11244035e-02, 7.54489228e-02, -2.67346594e-02,
       7.86411110e-03, -3.54066789e-02, 1.66650221e-03, -9.46458504e-02,
       -5.12693338e-02, -2.13550217e-02, -2.89300196e-02,
       -8.56766626e-02, -8.36372972e-02, -2.76986454e-02, 1.35293482e-02,
       4.60959338e-02, -5.02861403e-02, 1.68184389e-03, -2.49102861e-02,
       8.67840275e-02, -2.94865649e-02, 3.11747119e-02, -3.72988023e-02,
       4.49055023e-02, -1.44072901e-02, -1.00140646e-01, 5.82419932e-02,
       -2.91749462e-02, 3.74386534e-02, 1.08073264e-01, -1.91237517e-02,
       -2.21389141e-02, -6.08850829e-02, -6.07096776e-02, 1.91017203e-02,
       2.40754653e-02, 1.50206368e-02, -1.05018979e-02, 2.59707179e-02,
       6.10610354e-04, -4.04630750e-02, 6.46682680e-02, -8.32361132e-02,
       -2.85670236e-02, -8.77193436e-02, -1.57883633e-02, 5.88800386e-02,
       -6.07518777e-02, 4.74516489e-02, 1.30082816e-02, -5.20838003e-05,
       -1.45300748e-02, -7.18191918e-03, -3.48385014e-02, 2.56468914e-02,
       -2.64913775e-02, 4.11394723e-02, -1.83942858e-02, -5.36555089e-02,
       -5.43571264e-02, 4.91936430e-02, 2.86044385e-02, -5.94062246e-02,
       1.34556359e-02, -1.02219973e-02, -6.15010746e-02, 5.12267090e-02,
       2.32863128e-02, -2.00911760e-02, -6.34639114e-02, 1.17547914e-01,
       1.33438688e-03, -5.82026020e-02, -4.97998595e-02, -2.12343428e-02,
       -4.61430773e-02, 1.82268769e-02, -4.70275106e-03, -8.14762264e-02,
       4.03443864e-03, -4.97795604e-02, 2.80490592e-02, -3.01737841e-02,
       -3.49317230e-02, -1.57751292e-02, -1.70718562e-02,
       -1.53022818e-02, -4.64350991e-02, -8.20073672e-03,
       -6.27846504e-03, 1.23081729e-01, 3.57278772e-02, 7.85271600e-02,
       -7.82050192e-02, -1.22718234e-02, 4.09181416e-02, -2.42599752e-02,
       2.33988129e-02, 5.13425507e-02, -6.23901263e-02, 6.95992038e-02,
       -7.05080032e-02, 6.46758676e-02, -3.40637341e-02, -3.91176306e-02,
       -8.19975287e-02, 4.54836637e-02, 5.77731803e-02, -2.22091004e-02,
       1.61424708e-02, -2.69484095e-04, 5.75337792e-04, -2.14849692e-02,
       4.19526510e-02, -8.97315964e-02, -6.78409217e-03, 8.14859048e-02,
       -3.99991944e-02, -1.43045681e-02, -7.21925795e-02, 1.61994155e-02,
       7.16952235e-02, -2.47197468e-02, 1.38946867e-03, 6.21438138e-02,
       -1.72187239e-02, -1.01891197e-01, 2.73630172e-02, -4.01043333e-02,
       6.85215741e-02, -4.32411805e-02, -1.68299228e-02, 5.57792969e-02,
       -3.55179049e-02, 1.41019830e-02, -3.10366489e-02, 4.84407842e-02,
       -2.66038086e-02, -1.47771444e-02, -2.42317095e-02,
       -8.06162059e-02, -9.72559326e-04, -2.13668626e-02,
       -1.42103992e-02, -7.41857977e-04, 8.58663465e-04, -9.62733664e-03,
       5.78428917e-02, 2.82908827e-02, 1.80085171e-02, 8.00485164e-02,
       -5.54548129e-02, -7.93972984e-03, -7.06372410e-02,
       -4.23302129e-03, -1.16620457e-03, 5.92406187e-03, -3.03592030e-02,
       5.89632988e-03, 2.92916112e-02, -1.17612043e-02, 5.36472723e-02,
       3.15926708e-02, -3.83305065e-02, 5.23826145e-02, -1.60254743e-02,
       -6.69430047e-02, -5.81794456e-02, -5.27362861e-02, 3.54699641e-02,
       -5.30032031e-02, 1.35119131e-03, -6.58317208e-02, -8.19970295e-03,
       3.75119946e-03, 3.86108719e-02, -3.49879600e-02, 6.12039454e-02,
       6.80673569e-02, -3.55915353e-02, -4.53617275e-02, 7.52733424e-02,
       -4.06718254e-02, -6.12548925e-02, 5.02887927e-02, 3.10162269e-03,
       -1.23447012e-02, 4.67330366e-02, -2.21738941e-03, -6.14100210e-02,
       1.52116949e-02, 8.79957061e-03, 4.62590493e-02, -2.67507806e-02,
       4.55818232e-03, 1.52319819e-02, -5.82357170e-03, -2.12431513e-02,
       -6.40770122e-02, 4.35378850e-02, -1.08001113e-01, 2.87293214e-02,
       5.39093837e-02, 4.63034324e-02, 4.28894646e-02, 4.68026139e-02,
       -6.04049079e-02, 6.08365051e-02, -2.39906274e-02, 4.95509282e-02,
       1.30344387e-02, 2.28414102e-03, 8.00333172e-02, 2.53393985e-02,
       3.41593251e-02, 3.51137146e-02, -1.82366371e-02, -3.38041708e-02,
       1.39865251e-02, -6.91878004e-03, -1.06446566e-02, 8.50765407e-02,
       -1.57901477e-02, -6.15797751e-02, -2.25283261e-02,
       -1.51490141e-02, -3.32521535e-02, -2.23652809e-03,
       -9.58004035e-03, 6.06737956e-02, -3.79732884e-02, -4.37722616e-02,
       -5.17635886e-03, -8.82645510e-03, 2.01739371e-02, -6.67210594e-02,
       4.36774716e-02, -1.69226713e-02, -7.73073509e-02, -3.52276936e-02,
       2.32203919e-02, -5.87277971e-02, 2.18219589e-02, 2.14635059e-02,
       9.42301843e-03, 3.05089988e-02, -6.46757260e-02, -3.27121541e-02,
