%YAML:1.0
---
matrix: !!opencv-matrix
   rows: 1
   cols: 512
   dt: f
   data: [ -2.48995516e-02, -1.00566763e-02, -1.50585998e-04,
       3.30055170e-02, -4.79310751e-02, -5.07309437e-02, -3.15452814e-02,
       2.35569850e-02, 6.47649914e-02, -3.37093696e-02, 4.53962497e-02,
       -1.51090892e-02, 3.25496271e-02, 3.04541620e-03, -1.45110693e-02,
       -2.91167069e-02, 4.48408090e-02, 2.02810951e-02, 3.26365754e-02,
       -1.07763140e-02, -1.02769155e-02, 3.86593528e-02, -5.15567586e-02,
       3.90699804e-02, 6.44598454e-02, -1.15429156e-01, 1.98049136e-02,
       8.27682689e-02, 5.52349202e-02, -5.14325052e-02, -7.41827264e-02,
       -2.87097413e-02, -1.35416230e-02, 9.40156281e-02, 4.09058109e-03,
       2.36272737e-02, 4.97367419e-02, 3.02549005e-02, -4.77327108e-02,
       2.37103142e-02, 1.94594320e-02, -2.91328109e-03, 4.80544008e-02,
       -7.14734942e-02, 1.32895708e-02, 4.06777412e-02, 3.24907042e-02,
       9.15713236e-03, 6.85110465e-02, -4.33472618e-02, 2.20784862e-02,
       8.42795242e-03, -2.02390812e-02, 2.01654118e-02, 3.49816307e-02,
       6.18826523e-02, 1.66030955e-02, 7.70440251e-02, 4.89157364e-02,
       -2.68773008e-02, 5.83220683e-02, 9.74374935e-02, 8.99796784e-02,
       -2.27554515e-02, -4.37652469e-02, 3.02350726e-02, 2.86448132e-02,
       -1.92624368e-02, -9.62889194e-03, 7.17510805e-02, -2.62999330e-02,
       -8.97354186e-02, -4.92071882e-02, -3.59132774e-02,
       -3.35091799e-02, 3.59131978e-03, -3.44071649e-02, 6.44210801e-02,
       -4.66274284e-02, 1.11810789e-02, -1.48039684e-02, 2.01903172e-02,
       4.52347659e-02, -6.33634403e-02, -4.99655083e-02, -2.39474722e-03,
       -7.61034414e-02, 3.29891853e-02, 4.13890593e-02, -5.26319668e-02,
       -8.52065068e-03, 8.22890252e-02, -2.35694065e-03, 3.76737630e-03,
       -2.39067208e-02, 1.06510498e-01, -5.94058447e-02, -2.50203609e-02,
       3.92383449e-02, 3.23584415e-02, 7.30157420e-02, 1.79807022e-02,
       -3.77445333e-02, 5.54213785e-02, -7.01585934e-02, -3.78275588e-02,
       -1.08149489e-02, 2.64948467e-03, 4.62809727e-02, 1.98551007e-02,
       -1.40073465e-03, -7.24695623e-02, -9.24232751e-02, 1.22271972e-02,
       6.27579517e-04, -1.06768563e-01, -2.28724070e-03, 3.74151319e-02,
       -1.09159062e-02, -8.33651200e-02, 4.75365184e-02, -7.17349397e-03,
       3.15744206e-02, 4.75593023e-02, -5.41580133e-02, 3.55051807e-03,
       3.10604982e-02, -2.97640655e-02, 2.80674249e-02, 3.45090069e-02,
       4.51424271e-02, 5.53798266e-02, 1.52433822e-02, -2.56523695e-02,
       1.17248986e-02, 2.65233964e-02, -8.47270153e-03, -3.21146124e-03,
       -4.96358946e-02, -4.67678346e-03, -4.05432694e-02, 1.21787637e-01,
       2.14454178e-02, -5.22798039e-02, 1.69304311e-02, -3.42468806e-02,
       7.67195448e-02, 7.52197802e-02, -2.92648710e-02, -4.41015959e-02,
       -2.09411345e-02, 8.89401957e-02, -2.18905360e-02, -1.55124106e-02,
       1.30667062e-02, 2.10284498e-02, 8.78483802e-02, 4.34937626e-02,
       -1.52411098e-02, 1.89350806e-02, 1.34787131e-02, 3.77029739e-02,
       1.50468526e-02, 2.49930825e-02, -7.87755921e-02, -1.11033283e-02,
       -7.74773129e-04, 1.47915408e-02, 1.76091604e-02, 1.65726077e-02,
       1.33868493e-02, 1.07637551e-02, 5.81859909e-02, -5.96800484e-02,
       -4.15787213e-02, -3.51042151e-02, 2.06544120e-02, 7.17499778e-02,
       2.68869270e-02, 2.88608763e-03, 6.67164624e-02, -2.24931184e-02,
       2.18533669e-02, 1.03770122e-02, 2.87153739e-02, 4.58321720e-02,
       -3.09081730e-02, -5.25882468e-02, 6.30839169e-02, 5.90173937e-02,
       -4.16828804e-02, 3.11615653e-02, 3.45102996e-02, -5.09055704e-02,
       2.03182604e-02, 7.22839311e-02, 2.48944070e-02, -9.61599126e-03,
       8.14018399e-03, -3.90546210e-02, 7.52744153e-02, 4.32008393e-02,
       -2.41089240e-02, -3.83422971e-02, -1.85967311e-02, 3.17575857e-02,
       -6.21984452e-02, -2.25165356e-02, 3.00702229e-02, 2.25265268e-02,
       4.99605089e-02, -2.30141755e-04, 4.75806817e-02, 9.62870941e-03,
       2.82929055e-02, -2.90246997e-02, -5.42220101e-03, 5.09587228e-02,
       1.91907387e-03, -4.13054787e-03, 5.35683446e-02, -8.07489827e-03,
       5.95907122e-03, 3.97385247e-02, -2.02386789e-02, -5.93331717e-02,
       -2.61206063e-03, 3.98090407e-02, 2.24277340e-02, -3.89428921e-02,
       6.60377219e-02, 2.41768174e-02, -4.33804095e-02, 1.07613198e-01,
       3.49607319e-02, 3.89687270e-02, 3.07216719e-02, 4.65399511e-02,
       -2.86420863e-02, 8.98399726e-02, -1.14184869e-02, -1.28421718e-02,
       -5.91521114e-02, 1.91051923e-02, -5.11660287e-03, 2.59571467e-02,
       1.74352899e-03, 4.51708362e-02, -5.12740910e-02, -2.05954667e-02,
       -3.25012207e-02, 2.15793885e-02, -3.49843986e-02, -1.71922967e-02,
       -3.20196375e-02, -6.86535761e-02, 3.64580948e-04, 2.72252541e-02,
       5.47645800e-02, -6.23565912e-02, -1.14849107e-02, -8.58131498e-02,
       -5.89797273e-02, 2.93551832e-02, 5.32120317e-02, -2.93752663e-02,
       -4.80355322e-02, -1.66621953e-02, -1.88729782e-02, 1.57779027e-02,
       5.09276465e-02, -7.54329115e-02, 7.02440664e-02, -5.85347526e-02,
       1.70476213e-02, 6.40068576e-02, 4.90440913e-02, 6.01868331e-02,
       3.98042724e-02, -9.29770097e-02, 9.95441712e-03, 4.97441366e-02,
       4.15538773e-02, -4.10379702e-03, -4.82392311e-02, 4.98737255e-03,
       -2.30088960e-02, -3.18101980e-02, -5.10546798e-03,
       -7.96479546e-03, -6.41671866e-02, 3.28999013e-02, 3.69437411e-02,
       -3.90669256e-02, 1.06173791e-01, 9.32971537e-02, 3.60844322e-02,
       -7.57157290e-03, 3.88130471e-02, -2.29682643e-02, -1.72646679e-02,
       -4.63581085e-02, 3.78310494e-02, 3.65238190e-02, 1.02906071e-01,
       3.40365665e-03, 8.49464908e-03, -2.60179322e-02, -1.07383085e-02,
       5.41660227e-02, -4.08730023e-02, 2.76954263e-03, 6.15249053e-02,
       4.74920534e-02, -4.14110869e-02, 3.53175774e-02, 2.46932656e-02,
       3.30376253e-02, 1.47657571e-02, 1.10028246e-02, -9.82480589e-03,
       -2.10863296e-02, 4.25966121e-02, -4.40493003e-02, -1.20641710e-02,
       1.10606313e-01, 2.28903349e-02, 7.20875943e-03, 4.93166111e-02,
       4.52770479e-02, 3.43820043e-02, -4.29208092e-02, -6.37557954e-02,
       2.02692058e-02, -1.02510728e-01, 7.24040493e-02, 1.30142160e-02,
       2.59568281e-02, 2.28237696e-02, 8.24003145e-02, 1.39406715e-02,
       1.23670958e-02, -6.23412756e-03, 5.62903695e-02, -3.65098962e-03,
       7.72916619e-03, -3.20103541e-02, -3.17186094e-03, -5.94891608e-02,
       -4.52699885e-02, 8.44964571e-03, 1.40771540e-02, -9.41430107e-02,
       -3.97837572e-02, 7.99837802e-03, 4.30181157e-03, 3.34293209e-02,
       4.52320054e-02, -6.93222648e-03, 4.90555465e-02, -6.86746687e-02,
       -7.03524649e-02, -1.23501231e-03, -3.39785442e-02, 4.68909144e-02,
       7.04882592e-02, -8.92103985e-02, 2.18135351e-03, -1.07580237e-01,
       4.33682231e-03, -5.08302487e-02, -7.80267268e-02, 4.02391842e-03,
       -9.76449903e-03, -4.19801427e-03, 5.02839014e-02, 6.76900744e-02,
       -7.64483064e-02, 1.34200314e-02, -1.33458246e-02, -4.71768193e-02,
       1.53579237e-02, -3.66533324e-02, 1.43981306e-02, -5.93601093e-02,
       2.15758793e-02, 4.70127687e-02, -2.83035338e-02, 4.28931378e-02,
       1.60703678e-02, -6.29605143e-04, 3.00194249e-02, -3.99526814e-03,
       -2.68831011e-03, -2.90025249e-02, 7.18529001e-02, 2.17842031e-02,
       -2.19180733e-02, 1.45954471e-02, -2.94228643e-03, -4.33318317e-02,
       -8.83837231e-03, -2.53135394e-02, -7.68513605e-02, 8.63721818e-02,
       4.38141786e-02, -2.03022789e-02, 1.23395016e-02, -7.26139126e-03,
       9.51946247e-03, 6.59611672e-02, 4.10819836e-02, -1.02561880e-02,
       -6.24435283e-02, 2.57319100e-02, 1.25769153e-02, 8.14586207e-02,
       4.18640897e-02, 7.56738102e-03, -5.04765883e-02, -1.63282361e-02,
       -8.48436356e-02, 1.72713790e-02, 7.56778801e-03, -1.51934549e-02,
       2.43447181e-02, 1.14886165e-02, -3.63499410e-02, 1.49729438e-02,
       1.21170450e-02, -1.41327428e-02, -7.48720765e-02, 1.54199665e-02,
