%YAML:1.0
---
matrix: !!opencv-matrix
   rows: 1
   cols: 512
   dt: f
   data: [ 1.90161597e-02, -5.43049276e-02, -6.65900856e-03,
       -2.34653894e-03, -5.70004880e-02, -2.76105441e-02,
       -3.93165164e-02, 1.40524963e-02, 4.09418121e-02, 4.65464480e-02,
       -8.41511693e-03, -4.16562520e-02, -1.57795064e-02,
       -4.27501984e-02, -3.38628469e-03, -2.34331544e-02, 2.79788394e-02,
       3.11771352e-02, 2.33165808e-02, 1.64088905e-01, 5.84619585e-03,
       -2.29245517e-02, -5.34367263e-02, -3.98828313e-02, 5.30644432e-02,
       -3.24945860e-02, 2.98110656e-02, -3.08333226e-02, -2.12683361e-02,
       1.13465913e-01, -2.56398320e-02, 2.88426783e-02, -1.73300877e-03,
       -4.79180478e-02, 6.81865588e-02, 2.43966561e-02, -4.08631675e-02,
       -4.73785475e-02, 3.71132120e-02, -9.68121961e-02, 1.19651202e-03,
       -1.48279089e-02, -5.77149577e-02, -1.73019357e-02,
       -5.64446002e-02, 4.13483977e-02, 1.55902572e-03, -7.99793899e-02,
       2.52456665e-02, 8.99887905e-02, 4.12717685e-02, 1.96208842e-02,
       4.06712927e-02, 1.41928978e-02, 2.91177202e-02, 1.24943657e-02,
       3.16209905e-02, 2.52961814e-02, -4.40640152e-02, 4.69031259e-02,
       5.97244885e-04, -6.19604699e-02, -4.43414636e-02, 2.13500038e-02,
       4.12821323e-02, 2.07840488e-03, -3.47754210e-02, 3.16423327e-02,
       1.50359506e-02, 1.95601601e-02, 1.63265131e-02, -2.01426353e-02,
       5.90930320e-02, 1.08720036e-02, -2.55684834e-02, -4.78024036e-02,
       -6.52491599e-02, -1.00640498e-01, -1.63278058e-02, 7.37470016e-03,
       -4.76323068e-02, 6.51674485e-03, -6.49455283e-03, -6.80472553e-02,
       3.23186480e-02, 3.78900655e-02, 2.43261904e-02, -4.93234135e-02,
       3.31595098e-03, 2.31470559e-02, -1.29391719e-03, -2.42300443e-02,
       1.42485984e-02, -9.13562905e-03, 4.01683152e-02, -1.20659079e-02,
       -1.53257251e-02, -3.93105596e-02, -8.37534070e-02,
       -4.17296179e-02, -7.09063262e-02, 7.38704577e-02, 3.62087681e-04,
       -3.95508111e-02, -4.80965227e-02, 5.79230785e-02, 2.71999519e-02,
       3.43348607e-02, 8.56792182e-03, -2.57981010e-02, 1.88714880e-02,
       -4.28713709e-02, 8.13992247e-02, -3.00201438e-02, -6.62520081e-02,
       -5.57100512e-02, 8.43759812e-03, -5.27892150e-02, 3.93396541e-02,
       -3.01621575e-02, -6.15807325e-02, -5.56874014e-02,
       -1.30274361e-02, -3.73154581e-02, -3.84794734e-02, 8.14620554e-02,
       3.47588249e-02, -9.71530378e-03, -1.21284509e-03, 6.82327151e-03,
       -1.79100689e-02, 5.14261760e-02, -6.80692643e-02, -3.87148634e-02,
       4.07207683e-02, -5.30056804e-02, -9.72640887e-02, -3.89273204e-02,
       -6.50398806e-03, 3.21877971e-02, -6.73675761e-02, 2.82037687e-02,
       -8.11569989e-02, 4.01411764e-02, 2.57819965e-02, 3.74488980e-02,
       -3.17364335e-02, -2.79406384e-02, 1.80793423e-02, -9.57555994e-02,
       -9.70318317e-02, 5.14157861e-02, 1.33240400e-02, 1.90449283e-02,
       -3.95141542e-02, 7.36354887e-02, -8.48943219e-02, -1.34923998e-02,
       1.63194221e-02, -1.39433770e-02, 1.51410152e-03, 8.48699212e-02,
       7.00376637e-04, 3.14942636e-02, -4.27606069e-02, -1.92439891e-02,
       -3.55916321e-02, -2.78869993e-03, -1.35923820e-02, 3.93150607e-03,
       -8.36276170e-03, 4.68612736e-04, -7.84073491e-03, -4.94281165e-02,
       -2.09637918e-02, -2.35832520e-02, -6.25978634e-02, 2.54211761e-02,
       4.22720844e-03, -2.27298737e-02, -6.68252409e-02, 5.93285151e-02,
       8.12253505e-02, -2.39881836e-02, 5.50502352e-03, -3.82221602e-02,
       3.53507251e-02, -4.40376997e-02, -2.02912856e-02, -6.11883812e-02,
       -9.23858285e-02, -3.04759052e-02, 3.34535949e-02, 5.77948522e-03,
       -7.76521638e-02, 2.25143991e-02, -1.19623477e-02, 2.88636936e-03,
       4.83589396e-02, -5.14254905e-02, 3.38833295e-02, -7.05459574e-03,
       6.28147051e-02, 6.83396729e-03, 1.23738591e-02, 8.67516082e-03,
       -1.94421541e-02, 5.27088568e-02, -1.96110886e-02, 2.16636583e-02,
       -1.06403716e-02, 2.95327287e-02, -1.13380775e-02, 4.09479067e-02,
       -5.76877706e-02, 6.64696321e-02, 1.22421794e-02, -6.56090816e-03,
       9.47115943e-03, -9.40835662e-03, -2.38690730e-02, -1.41921230e-02,
       5.54189757e-02, -3.22803669e-02, -3.18175666e-02, 5.82374819e-02,
       -1.93543974e-02, -1.32371509e-03, -3.96768823e-02, 8.23185220e-02,
       -8.23931843e-02, -2.99133994e-02, -1.36432834e-02,
       -6.80508986e-02, -9.34126750e-02, -3.76785584e-02,
       -2.38888953e-02, 7.46704191e-02, -4.09096293e-02, -1.07688211e-01,
       7.78308585e-02, -9.26236436e-02, -7.33469671e-04, 3.95627022e-02,
       2.33450830e-02, -1.67358126e-02, 9.86874197e-03, 4.46512960e-02,
       2.92449724e-02, -4.93216962e-02, -3.64103429e-02, 3.27484533e-02,
       -9.40199643e-02, 3.03749572e-02, -3.87781262e-02, 6.27690367e-03,
       2.80708242e-02, -3.28584649e-02, -9.01583210e-02, 1.16656898e-02,
       -1.12313638e-02, -4.77294810e-02, 1.45831751e-03, -1.10281380e-02,
       -5.86020947e-02, -1.79339219e-02, 3.93355004e-02, 5.81908636e-02,
       2.17051879e-02, 8.32725875e-03, -7.71944672e-02, 6.82089478e-02,
       1.90971065e-02, -5.22379763e-02, -3.47947627e-02, -4.79972847e-02,
       -3.83460522e-02, 8.79747048e-02, 3.02852783e-02, 1.92605574e-02,
       -1.53617878e-02, 1.93277150e-02, -7.05833733e-02, -1.05236862e-02,
       -6.30463883e-02, 6.20482862e-02, -4.91782017e-02, -7.87181966e-03,
       -3.56137604e-02, 4.66089025e-02, 6.09633438e-02, -7.71965384e-02,
       3.72302905e-03, -6.90392628e-02, 2.98855104e-03, 4.82251681e-02,
       -2.63579804e-02, 6.70491830e-02, -1.88749265e-02, -3.40692811e-02,
       4.25022952e-02, 4.59902436e-02, -5.74684441e-02, 6.76019713e-02,
       -1.58732086e-02, 7.58385099e-03, -2.91282479e-02, -2.78024543e-02,
       -4.15332280e-02, -3.98267023e-02, -3.78531069e-02, 3.51593420e-02,
       -4.77761077e-03, 4.50387672e-02, 1.21140014e-02, 9.62468702e-03,
       -1.46789886e-02, 5.81267998e-02, 8.71770177e-03, 8.79682507e-03,
       -3.01250089e-02, -3.10029369e-02, 6.41208515e-03, 5.61650023e-02,
       3.90476023e-04, 4.00133468e-02, 4.71472479e-02, 5.39817810e-02,
       -5.67948893e-02, -1.92144867e-02, 3.27316858e-02, 2.97560021e-02,
       7.36078024e-02, -4.88120550e-03, 7.16027105e-04, -2.43822783e-02,
       4.83043343e-02, 3.81755531e-02, -3.21665592e-02, 4.45201136e-02,
       -6.16108738e-02, -2.81716269e-02, -1.54844644e-02, 5.35986386e-02,
       6.08204231e-02, 8.17941353e-02, -2.12902501e-02, 1.28780231e-02,
       3.69256772e-02, 4.03313562e-02, -9.91692394e-03, -1.69209037e-02,
       -2.90619470e-02, 6.08275272e-02, 1.68634523e-02, 3.29040997e-02,
       3.38757709e-02, 4.60919645e-03, -3.66629027e-02, -4.44505177e-02,
       -7.56765306e-02, -3.92256081e-02, 4.75211889e-02, -1.14835076e-01,
       -3.12616676e-02, -2.38178181e-03, 8.71658027e-02, -3.92735526e-02,
       3.24488757e-03, 8.46570656e-02, -3.47297341e-02, 4.59891558e-03,
       -5.44882081e-02, 6.43424615e-02, 7.62219215e-03, -4.05922383e-02,
       -1.58961788e-02, -2.06114538e-02, -1.75297875e-02,
       -8.55191424e-02, -2.56735040e-03, -1.09291650e-01,
       -8.74585565e-03, 6.31404817e-02, -7.53688440e-02, 6.88231876e-03,
       2.62917541e-02, -4.28799074e-03, -8.80567506e-02, 3.99757512e-02,
       2.05511451e-02, 9.41116214e-02, -5.49875200e-02, 1.19527960e-02,
       -6.31725565e-02, 6.71893805e-02, 2.32070647e-02, -9.49184503e-03,
       9.44558345e-03, 2.74928454e-02, -6.06658496e-02, -7.60373147e-03,
       2.38365475e-02, 1.13472370e-02, 2.12658308e-02, 2.73491852e-02,
       2.92666163e-02, -4.92975069e-03, 6.16625063e-02, -3.58432420e-02,
       4.92530176e-03, -1.24289962e-02, -4.11804318e-02, -2.72852629e-02,
       4.02129441e-03, 1.54905329e-02, 5.96348979e-02, -4.83103544e-02,
       3.98704559e-02, -2.98201274e-02, -2.04175040e-02, -8.69236235e-03,
       -2.03950200e-02, -1.56766661e-02, -3.16682570e-02,
       -1.24919193e-03, -1.88362901e-03, -4.51499149e-02,
       -3.38332839e-02, -1.70372855e-02, -2.63691368e-03,
