%YAML:1.0
---
matrix: !!opencv-matrix
   rows: 1
   cols: 512
   dt: f
   data: [ -1.67318285e-02, -3.85329090e-02, -2.48756036e-02,
       -2.14897096e-02, -1.09469406e-01, -1.81334689e-02,
       -4.98160571e-02, -2.66714096e-02, -3.84583212e-02,
       -1.23789636e-02, -1.60243493e-02, 9.95718595e-03, -5.92820719e-03,
       1.24533568e-02, -1.29584931e-02, -7.24197133e-03, 7.83817172e-02,
       4.74212840e-02, 6.97450787e-02, 2.46333238e-02, 3.93005200e-02,
       1.01577872e-02, 1.62139498e-02, 4.16071638e-02, -1.46954525e-02,
       1.65398624e-02, 8.46582651e-03, -5.72293587e-02, 6.65172487e-02,
       1.28342034e-02, 4.97058481e-02, -9.53012332e-03, 3.58098596e-02,
       1.70078445e-02, -3.56349163e-02, 3.91434208e-02, -8.03160388e-03,
       -1.70197580e-02, 6.18111761e-03, -2.66926643e-02, 4.49708588e-02,
       -4.25609797e-02, -9.84178390e-03, -7.85201415e-02, 3.43818776e-02,
       -6.01601303e-02, -5.21762967e-02, 2.82864068e-02, 1.18766412e-01,
       1.02745786e-01, -6.58006454e-03, -1.19095631e-02, 8.49064067e-02,
       4.66320850e-02, -5.45123545e-03, 1.30276708e-02, -1.86737813e-02,
       1.73203591e-02, -1.79647487e-02, -9.59880650e-02, -1.93790086e-02,
       -4.29675058e-02, 1.22368075e-01, -1.33397970e-02, 4.10972834e-02,
       -2.25985795e-03, 1.05139054e-02, 4.78650853e-02, -4.37950157e-02,
       -1.56452768e-02, 7.65375048e-03, 1.88981313e-02, 3.51196853e-03,
       9.15534124e-02, 3.03457994e-02, 1.11234291e-02, 1.25695029e-02,
       2.15454679e-02, -6.00232929e-02, 2.32475176e-02, -4.81522493e-02,
       2.12002713e-02, 2.31738784e-03, -6.10430492e-03, -8.00899863e-02,
       9.48698521e-02, 5.26346080e-02, 6.46990491e-04, 2.83201691e-02,
       4.07062322e-02, -1.90129261e-02, -3.23727913e-02, -4.15202305e-02,
       -2.74718665e-02, 2.01671850e-02, -2.48731393e-02, -1.92589462e-02,
       6.15621684e-03, -8.92465375e-03, 5.50351553e-02, -3.72889340e-02,
       6.49956837e-02, -9.10172388e-02, -3.45007032e-02, -4.59439307e-02,
       -4.52706069e-02, 3.72122601e-02, 4.44972552e-02, 3.15401927e-02,
       -6.25060052e-02, -2.77938712e-02, -2.74694953e-02,
       -7.76392594e-02, -4.95459326e-02, 5.58750890e-03, 1.20829698e-02,
       -2.27946620e-02, -4.51169163e-02, 4.69875149e-02, -3.86126190e-02,
       -3.48546579e-02, -4.35257331e-02, -3.27385031e-02,
       -5.35587482e-02, 3.61656696e-02, 1.14392454e-03, 7.47487247e-02,
       7.58473834e-05, -1.38849437e-01, -5.75391650e-02, -3.35456803e-02,
       2.10843887e-02, -3.56755741e-02, -3.43548730e-02, 1.88448317e-02,
       -5.77205271e-02, -2.55760010e-02, -2.78253760e-02,
       -4.58190870e-03, 2.63849855e-03, 2.21397704e-03, 1.71835832e-02,
       -9.40736458e-02, -3.11506297e-02, 1.80211931e-03, -2.12088786e-02,
       -5.87331131e-02, 2.78939847e-02, 2.05766801e-02, 5.92895709e-02,
       -1.52292000e-02, 5.93301803e-02, -4.93579954e-02, -4.06105965e-02,
       2.18070578e-02, 2.48841532e-02, 2.63451301e-02, 1.75984874e-02,
       3.68650677e-03, -1.91189162e-02, 7.09772017e-03, 4.12992351e-02,
       -6.73439875e-02, -1.44459577e-02, -2.14761440e-02,
       -2.04988904e-02, -7.36953982e-04, 4.95948084e-02, 8.41545407e-03,
       -4.10751700e-02, 1.60196740e-02, -1.98439769e-02, 1.33074418e-01,
       -1.51217729e-02, -1.09977750e-02, -1.31275291e-02, 2.72343699e-02,
       2.22139433e-02, -6.45356402e-02, -3.90864089e-02, -2.37703742e-03,
       -1.10067995e-02, 3.47011886e-03, 8.00019316e-03, 5.73947988e-02,
       -4.85233106e-02, -4.45535220e-02, 3.38824391e-02, -4.83101308e-02,
       6.34655356e-02, 9.14674029e-02, -1.21641597e-02, 8.95603001e-03,
       -5.06648980e-02, -2.07268391e-02, -7.02448636e-02, 7.36702085e-02,
       -4.50805165e-02, -6.67728530e-03, -1.57389902e-02, 2.47545429e-02,
       3.74565111e-03, 7.95715824e-02, -1.10952303e-01, -4.61468101e-02,
       9.03670862e-03, -1.38173215e-02, 2.24220138e-02, 1.54486327e-02,
       -4.76600938e-02, -8.42012912e-02, -3.96129154e-02, 1.25796374e-04,
       -4.19917256e-02, -5.38021252e-02, 5.21645173e-02, 5.29433452e-02,
       -1.91366766e-02, -3.76124540e-03, -2.23743971e-02, 1.66944489e-02,
       2.86551658e-02, -1.55025078e-02, 6.45899624e-02, 1.09352767e-02,
       -3.17581333e-02, 5.70556223e-02, -1.16544496e-02, -2.14219727e-02,
       1.08398348e-02, -3.49779353e-02, 1.55759770e-02, -8.82576630e-02,
       -3.89060378e-02, 2.10465007e-02, -1.62473824e-02, -8.39296356e-03,
       2.67905537e-02, 6.61003962e-02, -7.31710866e-02, -7.47558102e-02,
       -4.68850769e-02, 5.39385565e-02, -1.81194525e-02, 4.85934652e-02,
       -7.62898549e-02, 5.22541404e-02, 9.92361158e-02, -1.96430795e-02,
       -4.41399105e-02, -4.18524630e-03, -5.07171312e-03,
       -2.29812060e-02, 1.94354467e-02, -6.47206381e-02, -3.47672217e-03,
       4.56076227e-02, 5.17852716e-02, 2.07447726e-02, -2.20212322e-02,
       3.09486408e-02, 5.83036318e-02, -2.64782161e-02, 1.32660065e-02,
       9.69234332e-02, -6.70152083e-02, -4.28796858e-02, 3.74295264e-02,
       -1.34736732e-01, -4.31765616e-02, -5.38973510e-02,
       -4.25501727e-02, 4.09075171e-02, -6.54934198e-02, 4.88850363e-02,
       1.52617460e-02, -4.36672643e-02, 3.03238630e-02, 1.91393010e-02,
       1.06321752e-01, -3.82938585e-03, -9.05841868e-03, 6.96850792e-02,
       -4.39638048e-02, 4.53928225e-02, 4.38766927e-02, 1.51400082e-02,
       -2.14934442e-02, 1.77986920e-02, 4.91714850e-03, -1.11213503e-02,
       -3.66063863e-02, -2.20611338e-02, -6.74020573e-02,
       -8.23991075e-02, -7.72158355e-02, -2.42623203e-02, 6.71206117e-02,
       -1.76557638e-02, -5.39393649e-02, -4.36198600e-02,
       -3.53922159e-03, 5.69799207e-02, 8.25386420e-02, 5.81108518e-02,
       -2.13994943e-02, -4.86694425e-02, -5.12144528e-02, 2.93375589e-02,
       1.44393891e-02, 6.33348571e-03, -2.75746197e-03, -4.26828489e-02,
       3.57597205e-03, -8.84338375e-03, -4.92258519e-02, 8.21828917e-02,
       -1.05820708e-02, 2.95761544e-02, -7.53149688e-02, -1.65917464e-02,
       3.70145105e-02, 6.27281237e-03, 3.71144526e-02, 1.85411274e-02,
       2.28877668e-03, -3.77723165e-02, 4.72560041e-02, -1.12231076e-02,
       -4.34213616e-02, 7.09848106e-02, 4.33429219e-02, -7.21325204e-02,
       4.24522422e-02, -3.87840085e-02, 4.67017759e-03, -4.90180552e-02,
       6.30964786e-02, 9.73510277e-03, 5.09762466e-02, -2.31197779e-03,
       -5.22110844e-04, 5.07889912e-02, 4.02753875e-02, 2.28407644e-02,
       5.35766594e-02, 3.98576073e-02, 6.32245019e-02, 2.87790373e-02,
       1.82374530e-02, 9.18106511e-02, 1.49646886e-02, 2.33986843e-02,
       -1.18096853e-02, -4.19130698e-02, -6.55807927e-02,
       -1.90603663e-03, -1.25147840e-02, -5.95850088e-02,
       -9.57379024e-03, 1.16138645e-02, -3.44978571e-02, 6.29627407e-02,
       -5.47106192e-02, -4.09680009e-02, 4.08460386e-03, 6.73681032e-03,
       -6.03195317e-02, 3.95161323e-02, 4.25811745e-02, -3.08401790e-02,
       8.36285390e-03, 4.07314999e-03, -6.32093102e-02, -7.63541413e-03,
       6.65407721e-03, 4.82515357e-02, 2.84067634e-02, -3.16783413e-02,
       3.40027213e-02, -1.75916031e-02, 6.58900337e-03, -4.98978645e-02,
       -1.08989384e-02, -6.35025725e-02, -1.99725591e-02,
       -2.24121530e-02, 4.84620035e-02, 9.17740457e-04, -5.35835810e-02,
       7.17474818e-02, 3.84503324e-03, 2.45650578e-02, 8.54940526e-03,
       -4.46887910e-02, 7.74267241e-02, -1.45902364e-02, -8.25068168e-03,
       -6.37510121e-02, 1.14557585e-02, 1.35656586e-02, -6.86372444e-03,
       2.15392467e-02, -3.92953344e-02, -3.81503627e-02, 5.39933071e-02,
       -1.45638362e-02, 1.75674427e-02, 7.48131350e-02, -8.97984114e-03,
       9.22467746e-03, -4.17457931e-02, 1.03957187e-02, 1.05485588e-03,
       6.82523400e-02, 2.43247170e-02, 1.60996933e-02, 5.12537062e-02,
       -6.65918691e-03, -2.59754877e-03, -3.03936563e-02, 3.51279490e-02,
       1.09840939e-02, 6.09471910e-02, -7.58921588e-03, -8.89302343e-02,
       6.17323704e-02, -6.33687573e-03, -2.07475610e-02, 2.04792358e-02,
