%YAML:1.0
---
matrix: !!opencv-matrix
   rows: 1
   cols: 512
   dt: f
   data: [ -4.12813686e-02, -8.04998502e-02, -3.00124474e-03,
       -3.56378616e-03, -3.81895900e-02, 2.60472354e-02, 1.47429733e-02,
       -7.05113783e-02, 4.94609354e-04, -3.85857783e-02, -1.85793471e-02,
       -2.49396414e-02, -1.17387064e-02, 4.17906512e-03, -7.24025303e-03,
       2.45531928e-02, -4.64568809e-02, -2.86561181e-03, -2.08391137e-02,
       4.77796532e-02, 3.94368209e-02, 4.47387733e-02, -3.07927262e-02,
       1.95306558e-02, -3.89901996e-02, 5.02507277e-02, -5.96136115e-02,
       9.82774720e-02, 1.71777129e-03, 1.49890445e-02, 1.54074812e-02,
       -9.82203055e-03, -4.34933938e-02, -6.39654845e-02, 1.48443971e-02,
       3.92583013e-02, 6.48754835e-02, 1.97623856e-02, -1.32026551e-02,
       2.29354873e-02, -1.22643135e-01, 9.88930347e-04, 2.47805822e-03,
       -3.81944440e-02, 3.84652168e-02, -1.73888188e-02, -2.43094377e-02,
       2.65417192e-02, -1.31598441e-02, -7.13549554e-03, -3.01730596e-02,
       1.41511986e-03, 6.06037974e-02, 1.26336679e-01, 6.24345988e-02,
       -1.89985558e-02, -5.84296361e-02, 6.56340793e-02, -1.19902072e-02,
       -2.92100571e-02, 1.39118060e-02, 5.17340861e-02, 5.99754751e-02,
       5.07891029e-02, 4.64728568e-03, -7.88543820e-02, 2.30700932e-02,
       2.58581359e-02, 3.41007113e-02, -2.54833903e-02, 3.07442416e-02,
       7.66630098e-03, 4.70950045e-02, -1.01125054e-02, -6.55191159e-03,
       7.84303024e-02, -1.34128025e-02, -1.40594065e-01, -7.06319362e-02,
       9.30326432e-02, 4.82074246e-02, -7.28535652e-02, -5.73465824e-02,
       5.80202322e-03, -3.39838713e-02, 3.88097279e-02, 3.49911712e-02,
       -7.00363815e-02, 2.82565262e-02, -2.26605665e-02, 8.61794967e-03,
       -5.17294481e-02, -6.91581443e-02, 2.50358898e-02, -3.17808762e-02,
       -7.96485785e-03, 7.48806074e-02, 2.43834537e-02, -4.35342379e-02,
       2.84687877e-02, -5.49567677e-02, -3.95429730e-02, -1.33767530e-01,
       1.60359759e-02, 1.31057911e-02, 4.46824655e-02, -1.98118817e-02,
       4.63384390e-02, -1.35897612e-02, 3.84205277e-03, -7.44992644e-02,
       -1.96707230e-02, -8.65875259e-02, 2.66399290e-02, 7.14569911e-02,
       5.34494920e-03, -4.69299126e-03, 8.02902970e-03, 5.00061316e-03,
       -4.17823531e-02, -1.95256025e-02, -5.05689569e-02, 7.70957693e-02,
       -3.09484843e-02, -1.72130892e-03, 3.91344680e-03, 3.26771177e-02,
       -5.71300788e-03, -4.13816459e-02, -5.69397733e-02,
       -2.59943586e-02, -4.01277840e-02, -1.07413894e-02,
       -3.28870863e-02, -2.02759299e-02, -8.19124747e-03,
       -6.71536401e-02, 3.14762741e-02, -1.61199309e-02, 5.05597405e-02,
       -3.92838195e-02, -1.73988845e-02, -6.84068725e-02,
       -7.72289583e-04, 1.95784792e-02, 2.35028099e-02, 1.24658821e-02,
       8.26555416e-02, -2.58756820e-02, -7.05831591e-03, -6.45201877e-02,
       -2.74565350e-02, -5.39940894e-02, -2.93346383e-02, 6.52435720e-02,
       4.97720428e-02, 2.98895296e-02, 2.96524782e-02, 4.90642861e-02,
       -7.49254227e-02, 1.26574263e-02, 1.06868111e-01, 2.43447926e-02,
       -1.91464962e-03, 2.11066660e-02, -2.01257356e-02, 3.33741046e-02,
       6.36842847e-02, -5.48375323e-02, 2.73763202e-03, 8.23563989e-03,
       -7.24330544e-02, -1.79183297e-02, -1.06172264e-03,
       -4.25593704e-02, -1.29854828e-02, -2.57462487e-02,
       -9.61301178e-02, -3.57947871e-02, 1.62027366e-02, 9.45606679e-02,
       4.25525159e-02, 4.74601373e-04, 2.27600299e-02, -2.51762439e-02,
       -4.39178236e-02, 1.19781401e-02, 2.56896820e-02, -5.66113694e-03,
       6.79441914e-02, -6.09301031e-03, -3.25828306e-02, 2.74987258e-02,
       -2.40983944e-02, -1.24313100e-03, -1.04369945e-03, 2.36967634e-02,
       5.48742851e-03, 2.75728274e-02, -7.73972049e-02, 6.62569553e-02,
       1.89415179e-02, 1.76226292e-02, -5.33162616e-02, 2.74704117e-03,
       1.22797294e-02, -1.67800579e-02, 3.56798805e-02, -2.02859882e-02,
       3.31152901e-02, -2.87619233e-02, -1.20734265e-02, 4.07071859e-02,
       -8.67939889e-02, -8.91739875e-03, 1.37921246e-02, -1.90474465e-03,
       -2.94302925e-02, 5.47248647e-02, -8.96834880e-02, -5.26745059e-02,
       3.28539386e-02, 8.15326497e-02, -7.64351264e-02, 3.19664814e-02,
       -1.16533926e-02, -5.62508032e-02, -1.29275508e-02,
       -9.07327607e-03, 7.40652308e-02, 1.07876828e-03, 5.63118085e-02,
       -7.47144641e-03, -3.17605473e-02, -3.46515048e-03, 8.31053481e-02,
       7.71616166e-03, 1.33648209e-04, 4.62674871e-02, -9.93810687e-03,
       2.38724183e-02, 1.16667547e-03, 3.48213688e-02, -3.08748689e-02,
       4.38370556e-02, 4.56025032e-03, -7.21270358e-03, -8.81940946e-02,
       2.56869253e-02, 3.25620025e-02, -2.39415709e-02, -5.14253275e-03,
       -5.22637852e-02, -8.32424685e-03, 1.80123802e-02, -1.11183675e-03,
       2.10389905e-02, 1.85097419e-02, -5.85088655e-02, 9.86466184e-03,
       2.97529511e-02, 4.26685549e-02, -2.45958604e-02, -5.71838580e-02,
       3.60819809e-02, -6.23539947e-02, -1.49156787e-02, 8.41839388e-02,
       -6.72155768e-02, -3.03875841e-02, 5.36949337e-02, 5.69740385e-02,
       -6.21891860e-03, 1.75118372e-02, -8.04788396e-02, -3.96321937e-02,
       4.28057984e-02, -8.17774981e-03, 4.94091809e-02, 6.27455264e-02,
       -1.21744633e-01, -2.21993104e-02, -1.54944584e-02,
       -9.51050520e-02, -1.11506119e-01, 2.31466293e-02, -2.43360158e-02,
       4.85884957e-02, 1.39776766e-02, -7.30534690e-03, 1.52735291e-02,
       1.59809031e-02, -8.20083544e-02, -5.02248332e-02, 1.05774654e-02,
       2.89475042e-02, -1.59689710e-02, 9.77654569e-03, -1.89870708e-02,
       -4.73998152e-02, -5.07912561e-02, 2.62932945e-02, 6.00634776e-02,
       -1.03388997e-02, 8.72486234e-02, 4.69687767e-03, 6.10092692e-02,
       7.68258376e-03, 4.76562418e-02, -3.74359749e-02, 6.55831816e-03,
       8.70420504e-03, -1.85137652e-02, 4.55245562e-02, -3.72534543e-02,
       1.24103995e-02, 4.99118008e-02, -4.75462984e-05, -4.63941209e-02,
       3.87640856e-02, -2.71866228e-02, -5.42419450e-03, 2.82543823e-02,
       -4.39672312e-03, -2.59368941e-02, -4.47087288e-02, 3.56402732e-02,
       4.71682698e-02, -1.70715172e-02, 7.48326778e-02, 2.02017557e-02,
       1.10356413e-01, -1.52719125e-01, 4.12337817e-02, 2.06740052e-02,
       3.92006934e-02, -1.65591743e-02, 6.01848364e-02, -1.66830607e-02,
       -7.51096457e-02, 6.60480652e-03, 6.25770688e-02, 8.57516658e-03,
       -3.53840925e-02, 9.25981998e-02, 2.03731712e-02, 3.26081663e-02,
       -8.01325217e-03, 6.44016191e-02, -1.51642198e-02, 6.83400221e-03,
       -3.93645428e-02, 1.50159551e-02, -2.20040306e-02, -6.79665757e-03,
       1.26026664e-02, 3.03880009e-03, -6.62145838e-02, -3.57087590e-02,
       1.64261460e-02, -2.81818770e-03, 3.79065610e-02, -9.75044444e-03,
       -5.24370223e-02, -6.65219559e-04, -6.51246961e-03,
       -1.04579479e-02, -2.31585093e-02, -4.59160395e-02,
       -8.37471057e-03, -6.02762122e-03, -4.74502929e-02,
       -9.18774307e-02, -1.90681219e-02, 1.18605323e-01, -1.19628757e-02,
       -2.48518176e-02, -3.79111506e-02, 1.17742322e-01, 4.93323766e-02,
       -5.57004660e-02, -1.89876487e-03, 3.67093347e-02, -7.22769182e-03,
       1.15521332e-04, 1.58128571e-02, -7.79227074e-03, 7.91744515e-03,
       -7.26870308e-03, 4.89593744e-02, -3.83306257e-02, -2.32750978e-02,
       -2.92248260e-02, 4.29025060e-03, 3.19162570e-03, 7.41517469e-02,
       -3.01902276e-02, 8.21540318e-03, 3.52274068e-02, 6.73880288e-03,
       -6.92475066e-02, 1.75533108e-02, 6.67732349e-03, 7.37735303e-04,
       -8.62000976e-03, -4.81165908e-02, -5.05212583e-02, 2.65320260e-02,
       2.48604640e-03, -8.43261629e-02, 3.54045630e-02, -3.52286920e-02,
       7.89305940e-03, -1.02613896e-01, 1.88565291e-02, 2.37032417e-02,
       -5.28879799e-02, 3.60773504e-02, -1.54524976e-02, 3.36721016e-04,
       -7.23406076e-02, 3.72874290e-02, -2.33243629e-02, 6.88897744e-02,
       -5.84912449e-02, -4.95190993e-02, 3.30622457e-02, -6.70984238e-02,
       8.62592012e-02, 1.70408115e-02, 1.74022978e-03, 1.45292524e-02,
