%YAML:1.0
---
matrix: !!opencv-matrix
   rows: 1
   cols: 512
   dt: f
   data: [ -1.02593556e-01, 4.44563441e-02, -8.37517064e-03,
       6.79954467e-03, 8.36645216e-02, -4.57986966e-02, 2.71795243e-02,
       -1.80869233e-02, 6.34797215e-02, 1.34864608e-02, -2.40966235e-03,
       4.79556993e-03, -2.56464165e-02, 3.67384078e-03, 4.05035540e-02,
       -8.59695375e-02, 6.86135665e-02, 7.57140853e-03, -1.11372629e-02,
       1.56524368e-02, 3.04679722e-02, -2.17488501e-03, 2.57550310e-02,
       7.74551407e-02, 4.83022828e-04, 5.16394600e-02, 5.64677548e-03,
       2.26862589e-03, -3.74829955e-02, -1.26706492e-02, -1.49492063e-02,
       2.11496167e-02, 8.57654773e-03, 4.87270579e-02, -1.28434869e-02,
       3.36012915e-02, -2.40334738e-02, 3.81934829e-02, -8.04697499e-02,
       -4.60349768e-02, 1.04251310e-01, 9.37439036e-03, 4.98808473e-02,
       3.15003693e-02, 6.89376146e-02, -4.11514491e-02, 1.24790641e-02,
       8.75260867e-03, 8.55471045e-02, 5.22187352e-02, 2.17107218e-03,
       2.92482283e-02, -5.15025966e-02, 2.55667251e-02, -3.43582331e-04,
       -2.66354606e-02, -4.49299738e-02, -4.09599729e-02,
       -4.77355607e-02, 4.49232496e-02, -1.39960647e-02, 2.34995857e-02,
       -5.51595278e-02, 3.96849848e-02, 2.62457207e-02, -5.81864342e-02,
       -3.89083177e-02, -2.99861915e-02, -2.41379887e-02,
       -4.06679921e-02, 1.76980405e-03, -5.11429049e-02, -1.02395909e-02,
       5.57171814e-02, -6.09394256e-03, -8.40352941e-03, 2.78630145e-02,
       -4.11039293e-02, 4.46847454e-02, -2.01779176e-02, -4.45606261e-02,
       8.02139565e-02, -8.75261240e-03, 1.57618169e-02, 4.48991768e-02,
       3.40419635e-02, -7.13131651e-02, 4.76429351e-02, 2.46596634e-02,
       -7.51736239e-02, -1.68628953e-02, 6.97001815e-02, -3.46651673e-02,
       -3.35776508e-02, 3.37676406e-02, 4.91522215e-02, -1.07367665e-01,
       1.08313898e-03, 4.49276082e-02, -9.06249285e-02, -4.42336053e-02,
       1.91144403e-02, -2.26062424e-02, 5.21747805e-02, 5.96666560e-02,
       -1.97917931e-02, 6.35285601e-02, -3.67125720e-02, 4.35551219e-02,
       -1.63995791e-02, -6.74075633e-03, -5.34077697e-02,
       -4.23218347e-02, 2.43171547e-02, -1.18735200e-02, 2.78715510e-02,
       1.09774061e-02, -4.95846756e-03, 1.95110012e-02, 2.99055967e-02,
       5.07370848e-03, -4.17656973e-02, 4.69619371e-02, 5.10196481e-03,
       3.57791781e-02, -4.10842299e-02, 2.75711361e-02, -1.04624284e-02,
       -3.60432230e-02, 3.25757712e-02, 1.18628271e-01, -1.09148945e-03,
       -2.08453033e-02, -6.74786195e-02, 6.75763143e-03, -2.54205894e-02,
       4.66696080e-03, 4.64514345e-02, 7.65151950e-03, 4.02539819e-02,
       -3.15745734e-02, 2.74968948e-02, 2.11330783e-02, 3.98877775e-03,
       -2.89494060e-02, -6.13323115e-02, -3.17691751e-02, 1.02336565e-02,
       5.65840825e-02, -1.03456192e-02, 1.15070447e-01, 3.90141681e-02,
       5.55738285e-02, -3.38468957e-03, -6.43494651e-02, 2.04300531e-03,
       1.54984500e-02, -2.68938895e-02, -1.81827433e-02, -3.82263679e-03,
       -6.75763711e-02, 2.61851717e-02, 1.58875145e-03, 2.30515059e-02,
       1.01512426e-03, 5.17859980e-02, 5.25508600e-04, -7.76357651e-02,
       6.43397570e-02, -1.33038564e-02, -4.83168066e-02, 5.45826964e-02,
       1.13755420e-01, 6.54787272e-02, -1.27475066e-02, -5.64180221e-03,
       2.02080491e-03, 4.37972173e-02, -7.70606622e-02, 5.02295559e-03,
       -3.04438509e-02, -3.69649823e-03, -1.92562733e-02, 2.95146238e-02,
       1.71264056e-02, -5.72163612e-02, -2.95980163e-02, 2.87404936e-03,
       2.36593783e-02, -4.51238872e-03, -4.80560912e-03, -6.83186725e-02,
       -1.13058873e-01, -5.44538498e-02, -5.17580584e-02, 3.05839609e-02,
       1.33133102e-02, 5.18568698e-03, 2.42837165e-02, -1.44471228e-02,
       -3.73712517e-02, -1.49554238e-02, 6.37297481e-02, -1.67244468e-02,
       -9.87904519e-03, -1.49279684e-02, -2.38884445e-02, 1.24094617e-02,
       -6.24782518e-02, 4.79127429e-02, 6.96928278e-02, -5.00611030e-02,
       -2.58712377e-02, 1.35817127e-02, -2.98006572e-02, -4.10668775e-02,
       3.12937014e-02, 6.09965660e-02, 5.46181691e-04, -5.76469414e-02,
       -1.37544433e-02, -1.75467432e-02, -1.54072549e-02,
       -1.61288735e-02, 1.85743626e-02, 3.68223637e-02, 1.53461453e-02,
       2.99887359e-02, 4.41069826e-02, -3.61479968e-02, -9.16623138e-03,
       -6.10923730e-02, 1.31884648e-03, 5.98820578e-03, -8.68774131e-02,
       -1.10479649e-02, -7.69783929e-02, -5.73966932e-03,
       -3.55739035e-02, -3.75208631e-02, -3.19298469e-02,
       -1.04721505e-02, -5.84063912e-03, 2.05401015e-02, 2.55714124e-03,
       3.78296338e-02, -2.43741442e-02, 6.18398897e-02, -1.56488677e-03,
       -8.26646537e-02, -5.58407418e-02, -3.46520878e-02,
       -1.66237243e-02, -2.69579645e-02, -5.24697602e-02, 4.74713370e-03,
       5.65176569e-02, -1.17397569e-02, -6.61457777e-02, -2.32819542e-02,
       3.79632600e-02, -3.20185837e-03, -5.40196113e-02, 5.60096372e-03,
       6.03276826e-02, 4.76119108e-02, 8.85946304e-02, -6.21195789e-03,
       -3.32020707e-02, 6.52787015e-02, 2.65342016e-02, -1.95396156e-03,
       -5.33609688e-02, -2.20779385e-02, 5.28790504e-02, 1.37659777e-02,
       6.17552139e-02, -9.24963877e-03, -2.28491146e-02, -8.22618753e-02,
       6.90445378e-02, 5.34443744e-02, -1.14109656e-02, 9.02755260e-02,
       -1.57222990e-02, 2.93294992e-02, -5.44194207e-02, 3.78839932e-02,
       -8.39451235e-03, 1.21748567e-01, -2.46754028e-02, -4.37182672e-02,
       -3.46730426e-02, -2.89846864e-02, 7.83051830e-03, 3.89793627e-02,
       -3.41895781e-02, 8.94555636e-03, 1.05644166e-02, 2.34629922e-02,
       7.14251027e-02, 4.29623313e-02, -7.45605901e-02, 1.08793601e-02,
       -2.80676242e-02, -3.99130322e-02, 3.79432850e-02, -5.32418042e-02,
       -6.52405620e-02, -5.83601044e-03, -1.30718336e-01,
       -6.07349612e-02, -3.22629213e-02, 5.43551818e-02, 8.09755921e-03,
       1.57478731e-02, 4.00201604e-02, 1.66616365e-02, 2.51620281e-02,
       5.73559068e-02, 2.10362952e-02, -7.91146792e-03, 4.44555692e-02,
       8.57249647e-02, -6.77494740e-04, -3.58764781e-03, -9.10239387e-03,
       6.68789744e-02, -5.99027192e-03, -3.11988220e-02, 4.89660092e-02,
       -2.57018507e-02, -8.08332302e-03, 1.68049335e-02, 2.37022452e-02,
       -5.54015413e-02, -2.62371562e-02, -6.18448146e-02,
       -4.05737907e-02, 1.39270220e-02, -2.94410139e-02, -2.41601598e-02,
       -1.38921542e-02, 4.94075306e-02, -4.80828658e-02, 3.70811708e-02,
       6.80907145e-02, -3.35502587e-02, 3.55696678e-02, -5.16107939e-02,
       -4.87153651e-03, 1.75098758e-02, 3.81138772e-02, 2.12687850e-02,
       4.97181863e-02, 8.21080245e-03, 5.07754050e-02, 1.71043705e-02,
       -2.55536269e-02, -7.03617856e-02, -2.10300144e-02,
       -5.92279546e-02, 4.90235649e-02, -5.91031648e-02, -9.46659967e-02,
       -6.19552657e-02, 2.50035673e-02, -2.50147693e-02, -3.53186801e-02,
       2.67043896e-03, -5.32431565e-02, 7.54761472e-02, 4.16286662e-02,
       -6.93662912e-02, -5.81778772e-02, 5.04356921e-02, 2.49342490e-02,
       4.32581007e-02, -6.58137947e-02, -4.40973369e-03, -2.81133093e-02,
       -1.49147576e-02, 5.86630292e-02, -9.27813500e-02, -3.96234030e-03,
       -4.62017693e-02, 6.98309839e-02, -4.34316471e-02, 2.24801060e-02,
       -9.54908058e-02, 2.15947479e-02, 1.11398637e-01, 3.97469439e-02,
       -7.61664584e-02, -1.05076842e-03, -1.27037633e-02,
       -6.24715490e-03, 8.28098506e-02, -5.65796420e-02, -2.57546995e-02,
       -4.37222831e-02, 2.03993060e-02, 4.42387722e-02, 7.83640221e-02,
       -3.18740122e-02, 8.39962810e-02, -1.05559092e-03, 5.18906105e-04,
       1.47881908e-02, 2.73040906e-02, -6.49738386e-02, -2.45567765e-02,
       1.00926345e-03, 3.79780121e-02, 1.05941482e-02, 9.53748152e-02,
       8.37749150e-03, -3.16341454e-03, 6.68540075e-02, -5.65844700e-02,
       -7.14793056e-02, 1.79030895e-02, 1.29741998e-02, -3.39894332e-02,
       -5.13653345e-02, -1.36612384e-02, -2.99193733e-03,
       -3.02232825e-03, -7.98206553e-02, 2.00470816e-02, 6.42982870e-02,
