%YAML:1.0
---
matrix: !!opencv-matrix
   rows: 1
   cols: 512
   dt: f
   data: [ -5.41108586e-02, 2.15087160e-02, 7.14467373e-04,
       5.75101897e-02, -3.15542668e-02, -5.78435548e-02, -6.39932603e-02,
       4.94174957e-02, -8.86663795e-03, 3.83251235e-02, 4.68467624e-04,
       -2.27308031e-02, -1.68654956e-02, -8.34275037e-02,
       -3.37093920e-02, -1.49593316e-02, -1.93181690e-02,
       -3.98080274e-02, 3.58682387e-02, -7.17971846e-02, -3.05944756e-02,
       -4.59357575e-02, -1.45588992e-02, -3.65454368e-02, 2.15550549e-02,
       -4.34334129e-02, 7.95185640e-02, 7.23074228e-02, 1.06142014e-02,
       -5.74904168e-03, 8.86101928e-03, -6.24887906e-02, 4.30895202e-03,
       2.09392682e-02, 8.18021297e-02, 5.32209128e-02, -2.46602912e-02,
       5.92347160e-02, 3.85443040e-04, 1.64757483e-02, 9.76911839e-03,
       5.51117072e-03, -1.07149728e-01, 2.85062101e-02, 1.21245734e-01,
       2.81538796e-02, 4.18236852e-02, 6.65793046e-02, 6.47540810e-03,
       1.29041225e-02, 1.73275284e-02, -2.33388040e-02, 3.76231000e-02,
       1.89524852e-02, -5.83522171e-02, 5.53933494e-02, 1.12210875e-02,
       -9.71096288e-03, -7.25707551e-03, -5.82772605e-02, 1.19372206e-02,
       -1.06614828e-03, -5.22837508e-03, 3.74415591e-02, -2.68237721e-02,
       6.49470985e-02, -2.76716612e-02, -5.59347235e-02, -1.74787771e-02,
       -3.10150627e-02, 1.75640043e-02, 8.12141150e-02, -8.35917294e-02,
       1.06164049e-02, 3.52177806e-02, -3.36881727e-02, -7.37280548e-02,
       3.86757813e-02, -9.76657309e-03, 6.87604398e-02, -8.76824483e-02,
       4.90486808e-02, -5.09695336e-03, 7.68493488e-02, -7.41802808e-03,
       -6.18060417e-02, -4.15729508e-02, -1.31784454e-02,
       -4.60873321e-02, -2.03080773e-02, -1.02276206e-02, 8.82463008e-02,
       6.01801090e-03, -9.57224667e-02, 3.66191082e-02, -1.08992402e-02,
       2.63328087e-02, 2.30028089e-02, 1.74941178e-02, -3.69956978e-02,
       -1.27751455e-01, -2.93596480e-02, 4.72847000e-03, 3.64076532e-02,
       -1.22453207e-02, -2.98699606e-02, -5.06416447e-02,
       -5.38187772e-02, -6.67098314e-02, -8.50659087e-02, 1.22730518e-02,
       1.88323539e-02, 7.17544481e-02, 1.40445000e-02, 2.84248870e-02,
       -2.61555202e-02, 2.24794745e-02, -4.08818014e-02, -5.57789356e-02,
       -2.56775636e-02, -1.07426438e-02, -6.66831329e-04,
       -2.01315656e-02, -9.91855562e-02, 3.42331007e-02, 5.97653687e-02,
       1.75801627e-02, -3.81639414e-02, 2.01079883e-02, 5.55995926e-02,
       -3.10244951e-02, 4.01760265e-03, 3.03329863e-02, -2.49082339e-03,
       -4.40093279e-02, 9.83419865e-02, 3.28654802e-04, -3.80548425e-02,
       -3.91501449e-02, 3.11343744e-03, 6.20084535e-03, 8.15765932e-03,
       -5.46428040e-02, -6.60643280e-02, 2.57830154e-02, -6.39981851e-02,
       1.97038949e-02, 3.07316240e-02, 2.49938946e-02, 5.81120700e-03,
       6.94516255e-03, -2.80037597e-02, 6.87714443e-02, 8.86320174e-02,
       -3.47841531e-02, -2.47390177e-02, 2.00232584e-02, -3.61732580e-02,
       9.30839404e-02, 3.89837585e-02, -4.61167544e-02, -7.05635250e-02,
       -1.21813053e-02, -1.34042380e-02, -3.46906972e-03,
       -6.27915040e-02, -1.00409560e-01, -4.47016768e-02, 6.03513084e-02,
       2.24994449e-03, -9.77844745e-03, 7.60444999e-02, 7.30234236e-02,
       6.58298954e-02, 1.91998631e-02, -1.51702072e-02, 7.72088394e-03,
       1.69904474e-02, -6.71485662e-02, 4.83765155e-02, -5.20228408e-02,
       -6.40573278e-02, -3.91783006e-02, 7.49972686e-02, -4.06042822e-02,
       1.03873881e-02, -3.82656716e-02, -2.50134431e-02, -4.84182425e-02,
       4.01149876e-03, -3.67056504e-02, 3.14159505e-02, 4.18905430e-02,
       1.10110976e-02, -4.49701771e-02, 1.31412921e-02, -5.64773232e-02,
       -1.39540844e-02, 7.82560706e-02, 5.28600328e-02, 3.01123429e-02,
       9.11765546e-03, 1.28136892e-02, -3.46898139e-02, 4.54315506e-02,
       -8.38503465e-02, -7.64895231e-03, -1.69951357e-02, 2.33098189e-03,
       4.76931222e-02, -2.73411106e-02, -9.61900689e-03, 5.47517091e-03,
       6.69076890e-02, -1.74791086e-02, 3.60773616e-02, 1.31211150e-02,
       5.48142008e-02, 6.47515431e-02, -1.19061125e-02, 2.17420608e-02,
       -3.13660428e-02, 9.35050324e-02, -4.70460318e-02, -6.56562299e-02,
       5.74843921e-02, -1.76067147e-02, 3.62106413e-03, -3.02425809e-02,
       -3.54505442e-02, -5.37058786e-02, -9.93974209e-02,
       -1.68953240e-02, -4.34863195e-03, -1.25964275e-02,
       -9.36900079e-03, 3.98705564e-02, -8.17439482e-02, 2.88175914e-04,
       1.80978458e-02, 4.46811318e-02, 2.73765828e-02, 4.44182642e-02,
       -1.12276919e-01, 4.48052362e-02, -3.72372270e-02, -3.82243237e-03,
       -1.68880094e-02, -7.10353851e-02, 8.91764648e-03, 4.61403001e-03,
       3.40411924e-02, -3.83920670e-02, -3.37264687e-02, -3.55094783e-02,
       -6.11647367e-02, 4.55254726e-02, 7.49592334e-02, -4.63465787e-02,
       -1.51779002e-03, 3.67343239e-02, 4.30227108e-02, -6.59818575e-02,
       1.58917755e-02, -1.50248613e-02, -4.30813543e-02, 1.38390521e-02,
       -8.34205374e-02, 1.26770921e-02, -3.04876678e-02, -6.54877257e-03,
       2.36119144e-02, 1.16820429e-02, -3.89536060e-02, 4.18220792e-04,
       -4.92700785e-02, -4.26119529e-02, 3.15217748e-02, 3.95653248e-02,
       -4.15155999e-02, -2.55165733e-02, -3.70703265e-02,
       -6.06989674e-03, 2.14820895e-02, -3.12267058e-03, 4.09623235e-02,
       -3.84254009e-02, 1.23104025e-02, 2.25526318e-02, -4.91647236e-02,
       2.12997012e-02, 1.73083153e-02, 9.59310494e-03, -4.98085842e-02,
       3.00161783e-02, -2.23956555e-02, 2.45958753e-02, -2.41679158e-02,
       -4.86408826e-03, 6.73342124e-02, 7.35758618e-02, 2.68614348e-02,
       -3.63422185e-02, 3.23049128e-02, 1.78932939e-02, 1.37858875e-02,
       -3.14858593e-02, -6.24532029e-02, 1.24141686e-02, -1.11702560e-02,
       -5.75362034e-02, -1.09346267e-02, 1.28539696e-01, 8.75714049e-03,
       2.82006152e-02, -7.05667436e-02, 1.05806194e-01, 5.40362522e-02,
       -1.44219995e-02, -3.82751822e-02, -2.51512683e-04, 5.91277815e-02,
       -5.56992032e-02, 1.59525666e-02, 3.86250131e-02, 3.35431546e-02,
       -1.57386754e-02, -6.42422703e-04, 8.73229876e-02, 8.35148897e-03,
       -3.48483697e-02, 5.04048169e-02, -6.29399940e-02, -8.00662190e-02,
       -5.07938750e-02, -6.39607385e-02, -1.59420017e-02, 4.95578572e-02,
       -4.12695631e-02, 6.03317767e-02, -4.46845293e-02, 1.60777550e-02,
       4.07677032e-02, 3.35432366e-02, 3.04844207e-03, 3.08589265e-02,
       -1.32210949e-03, 1.21351173e-02, -3.93343009e-02, -3.71857472e-02,
       5.66530414e-02, 4.58584912e-02, -2.31295899e-02, -1.61503386e-02,
       -4.03892435e-02, -8.28430504e-02, 7.79253244e-03, -3.68701257e-02,
       5.46316877e-02, -7.00978488e-02, -2.56208386e-02, -2.97963172e-02,
       -2.84028263e-03, -1.14581091e-02, -1.26543581e-01, 7.91604072e-03,
       -7.72370622e-02, -3.17505673e-02, -4.35833335e-02,
       -1.17512140e-02, 3.21946628e-02, -1.57413557e-02, 6.36104271e-02,
       -4.52190563e-02, -5.80883957e-02, 4.99597117e-02, 7.54399598e-02,
       -3.10807431e-04, 6.68865815e-02, -1.84327662e-02, -2.88141239e-02,
       -5.83070442e-02, 2.26872806e-02, -8.11102092e-02, -3.95902060e-03,
       4.98610772e-02, -5.08283973e-02, -8.37002229e-03, -7.11074984e-03,
       -5.53514995e-02, -1.48132714e-02, 6.41869977e-02, 5.95563650e-02,
       3.60373780e-02, 9.11665708e-03, -4.25267406e-02, 5.24731390e-02,
       3.35000306e-02, -3.28722596e-02, 3.93711589e-03, -2.56939884e-02,
       -3.63817364e-02, 3.44574414e-02, -2.51341648e-02, 1.98989529e-02,
       1.18133975e-02, -1.54003967e-02, 7.23185949e-03, 4.43671504e-03,
       2.26396713e-02, 4.05809358e-02, 3.01647149e-02, -5.12737297e-02,
       -2.91255843e-02, 1.76767223e-02, 1.50102582e-02, -3.38565535e-03,
       1.56814065e-02, 5.27916886e-02, 3.54836113e-03, -4.46535423e-02,
       2.22444478e-02, 3.47334892e-02, -2.33369526e-02, -4.06908942e-03,
       1.37504870e-02, -2.97731292e-02, -6.57236949e-03, -2.31532101e-02,
