%YAML:1.0
---
matrix: !!opencv-matrix
   rows: 1
   cols: 512
   dt: f
   data: [ -1.12799713e-02, -6.18367456e-02, 3.65404785e-02,
       1.05016213e-02, 5.01597859e-03, -8.01543146e-03, -3.65531817e-02,
       3.40993628e-02, 3.14712301e-02, 3.32776532e-02, 9.32932124e-02,
       -4.41312119e-02, -2.31926665e-02, 8.12723562e-02, -5.68606816e-02,
       -2.03621127e-02, -5.69005646e-02, -1.09092202e-02,
       -1.47015192e-02, 2.82342993e-02, -6.80752890e-03, -3.16822231e-02,
       2.25968845e-02, 4.86296229e-02, -4.75910977e-02, 1.13238627e-02,
       2.55925618e-02, 5.62337674e-02, 1.60833336e-02, 3.06207277e-02,
       5.53714158e-03, -5.65294959e-02, -3.35354172e-02, 1.81772988e-02,
       2.77754702e-02, -2.68874355e-02, -1.46697806e-02, 1.60705578e-02,
       -4.46349904e-02, -1.56905930e-02, -5.73670818e-03,
       -7.08674341e-02, 1.06396176e-01, -7.26520494e-02, 4.37052697e-02,
       5.92149012e-02, -6.71226112e-03, -4.24325205e-02, 3.57921757e-02,
       -4.44165058e-03, -4.46891785e-03, 2.08630152e-02, -7.08869398e-02,
       2.91262809e-02, -4.31359969e-02, -1.82354227e-02, -1.01009551e-02,
       1.09832073e-02, 6.97062118e-03, -1.64774153e-02, 6.50840579e-04,
       -6.60545304e-02, -3.64199542e-02, -2.13024709e-02, 1.17394216e-02,
       3.59822065e-03, 1.50655245e-03, -7.83378929e-02, -5.61388507e-02,
       -1.56064145e-02, 3.22093209e-03, -2.84806639e-02, 1.17526390e-02,
       3.04459874e-02, 1.35440947e-02, 6.21047281e-02, 5.38796484e-02,
       2.45941449e-02, 3.66098210e-02, 6.42555626e-03, 2.94326954e-02,
       -5.25265560e-03, -7.00994879e-02, -1.49456700e-02,
       -5.58229210e-03, -1.50444973e-02, 2.65991106e-03, -5.31886369e-02,
       1.09474078e-01, 3.97671536e-02, 1.53595610e-02, 2.01178808e-02,
       -3.82108316e-02, 9.04290006e-03, -1.48448152e-02, -2.99890246e-03,
       4.86140624e-02, -1.33729978e-02, -1.37757417e-02, -4.26792391e-02,
       2.56915856e-02, -7.13423640e-02, -4.60743811e-03, -5.43867704e-03,
       1.54101709e-02, -3.54889557e-02, -6.82766270e-03, -1.02473488e-02,
       2.88210809e-03, 2.76832581e-02, -6.17013918e-03, -5.46493083e-02,
       -4.91377935e-02, 1.04976006e-01, -1.11940829e-02, -4.90241572e-02,
       -1.23538319e-02, 1.26858437e-02, 1.60664618e-02, -1.52275320e-02,
       8.28552153e-03, -1.43883051e-02, 1.95627324e-02, 2.94469912e-02,
       -5.02200797e-02, -2.31424393e-03, 7.00728968e-02, 3.25855576e-02,
       -9.88851767e-03, 4.60914373e-02, -1.13097308e-02, -4.40071821e-02,
       -1.03452262e-02, -4.93914448e-03, 4.06043511e-03, -7.25791603e-02,
       -2.96736564e-02, 1.81237105e-02, 3.64461392e-02, 6.17065579e-02,
       4.04989831e-02, -1.39769800e-02, 3.65492515e-02, 7.51350969e-02,
       2.52190828e-02, -2.70484146e-02, -2.37701647e-02, 4.69994135e-02,
       8.29285085e-02, -4.12400104e-02, -6.26763031e-02, -5.85422441e-02,
       3.86414416e-02, -4.93673421e-02, 5.84368557e-02, 1.86946671e-02,
       -1.12662604e-02, -2.14387029e-02, 3.74476090e-02, -1.07165299e-01,
       -2.84987111e-02, 6.48773089e-02, 1.34290066e-02, 4.76831943e-02,
       -5.27305529e-03, 5.64638563e-02, 5.51204011e-02, -8.24870393e-02,
       1.72603913e-02, -1.79873649e-02, -1.34790142e-03, -7.11639412e-03,
       4.73939441e-02, -4.34926860e-02, -4.83237626e-03, 2.60456204e-02,
       -8.70138109e-02, 5.69231696e-02, -1.70025956e-02, -2.61006840e-02,
       1.26961386e-02, -1.94529332e-02, 7.52453208e-02, 2.38343831e-02,
       1.68110356e-02, -1.08014485e-02, -3.14983260e-03, 1.52288536e-02,
       -3.55415381e-02, 5.69968559e-02, -1.20512675e-02, 4.44352888e-02,
       -1.34953577e-02, 1.55617911e-02, -5.98562956e-02, 8.40574130e-02,
       7.69099742e-02, 3.99500094e-02, 5.15839532e-02, -9.82922018e-02,
       -2.64002960e-02, 8.72211624e-03, -4.14023064e-02, -9.97592807e-02,
       2.83319522e-02, -2.75709890e-02, 1.14532523e-01, 5.61360270e-02,
       2.17621662e-02, 7.65623748e-02, -8.68385471e-03, 2.80641802e-02,
       -1.49301300e-02, -1.35180995e-01, -2.36765239e-02, 2.95174625e-02,
       6.12411532e-04, 7.11006522e-02, 7.15996139e-03, -4.50111255e-02,
       -5.41272424e-02, -6.15292490e-02, 1.75515246e-02, -2.74760611e-02,
       -7.84321427e-02, -5.48192300e-02, -2.87088426e-03,
       -1.51578756e-02, -1.47615178e-02, 2.00625639e-02, -2.13080794e-02,
       3.07235811e-02, -4.64394465e-02, -5.56802079e-02, 1.53716058e-02,
       -1.63816717e-02, -5.13143465e-02, 6.31660894e-02, -6.88943565e-02,
       6.33197930e-03, -6.02325238e-02, -5.61909303e-02, -4.64341044e-02,
       -2.15464411e-03, -7.22269267e-02, -1.66495204e-01, 4.82734442e-02,
       2.60017980e-02, 7.23697022e-02, 1.03555806e-01, -9.04082283e-02,
       3.63197103e-02, -7.37456903e-02, 2.66637467e-02, -3.75048816e-02,
       -8.39851126e-02, 1.69474836e-02, -1.65663492e-02, -3.65047972e-03,
       3.01807318e-02, 6.19800612e-02, 5.34584261e-02, -3.16577516e-02,
       -8.91252011e-02, 5.60347848e-02, -1.50737222e-02, -8.33378825e-03,
       4.82380241e-02, 2.51101051e-02, -4.80224341e-02, 7.92972893e-02,
       -3.91448289e-02, -5.20624109e-02, 1.89389270e-02, -2.54420266e-02,
       -5.11691310e-02, -5.27211977e-03, 7.06674717e-03, 4.83922586e-02,
       -5.92325851e-02, -3.48019158e-03, 4.38373163e-02, -3.17169130e-02,
       -2.80598029e-02, 7.61879422e-03, -1.37678590e-02, -5.47604822e-02,
       3.07819787e-02, 8.58678576e-03, -7.19669834e-03, -1.58929788e-02,
       2.93677580e-02, -2.93285493e-02, -4.20201756e-02, 2.11744606e-02,
       -3.30246463e-02, 5.45158014e-02, -3.14620100e-02, 7.62407202e-03,
       2.49451045e-02, 2.23565064e-02, -2.82020401e-02, -3.93913612e-02,
       1.18815675e-02, 8.48924089e-03, -1.98482927e-02, 2.84158122e-02,
       -2.47074850e-02, 6.58546016e-02, 8.19299296e-02, 5.41103706e-02,
       -8.91475827e-02, 2.89476197e-02, 4.79655862e-02, -1.77099649e-02,
       -2.11747438e-02, -1.00671174e-02, 6.36895150e-02, -4.46382873e-02,
       7.90341645e-02, 2.48938464e-02, -4.68859635e-02, -1.34479522e-03,
       3.02152950e-02, -7.82673880e-02, -1.97255053e-02, -4.07978632e-02,
       -4.60583763e-03, -6.28644824e-02, -9.67552811e-02, 1.88309345e-02,
       -3.42772529e-02, -9.63349789e-02, -5.86970188e-02, 5.19760093e-03,
       4.01665736e-03, 1.17389183e-03, 7.35986931e-03, -5.60497977e-02,
       3.87898367e-03, -2.89172214e-03, 2.09983382e-02, 2.67141461e-02,
       -1.82572063e-02, -7.72087872e-02, -2.21145134e-02, 9.90944263e-03,
       2.26265681e-03, -4.28753011e-02, -1.08693037e-02, -1.29831314e-01,
       -5.33582792e-02, -2.17386577e-02, 6.17816821e-02, 2.84324363e-02,
       4.42641415e-02, -9.04790834e-02, -5.38272597e-02, 5.10879196e-02,
       2.32858099e-02, 6.71201246e-03, 2.67872605e-02, 4.81393859e-02,
       -3.10720447e-02, -1.45973051e-02, 2.87385229e-02, 5.39747030e-02,
       -3.06727886e-02, -6.16552727e-03, 8.93740356e-03, 1.81168001e-02,
       7.46399909e-02, -3.05388737e-02, -1.28922658e-03, -3.85875441e-02,
       -2.17590891e-02, -6.55436935e-03, 3.63964178e-02, -2.06227824e-02,
       5.50600030e-02, -2.68251798e-03, 3.64206024e-02, 2.04543974e-02,
       -2.40897853e-03, -5.36365770e-02, 4.79291566e-02, 1.56009952e-02,
       -1.17206341e-02, 1.49667086e-02, 3.42168547e-02, -3.57396640e-02,
       -1.29127735e-02, 3.78571041e-02, -5.41153252e-02, -2.23738351e-03,
       1.29566044e-01, 9.60158706e-02, -5.79016730e-02, 3.63442674e-02,
       -3.45964567e-03, 4.16984148e-02, 6.89923810e-03, 5.36430292e-02,
       -4.82457727e-02, 2.90553086e-02, -4.14349325e-02, -2.79651806e-02,
       -5.20707406e-02, 5.96909709e-02, 4.11430746e-02, 4.31818552e-02,
       -2.44010910e-02, 9.50541627e-03, 3.24607678e-02, -6.09101318e-02,
       4.71504871e-03, 5.34635857e-02, 1.63058750e-02, 2.58157887e-02,
       1.18464027e-02, 5.48848547e-02, 2.05716100e-02, -9.39796399e-03,
       5.77359237e-02, -6.39575943e-02, 2.38005649e-02, 4.19000126e-02,
       -1.46660674e-02, -3.24709378e-02, 8.96914676e-02, -5.65650612e-02,
