%YAML:1.0
---
matrix: !!opencv-matrix
   rows: 1
   cols: 512
   dt: f
   data: [ -5.11795953e-02, -4.26509567e-02, 4.96233953e-03,
       6.29736297e-03, 3.05962027e-03, -2.94130738e-03, -9.71358852e-04,
       -4.44174297e-02, -8.26072320e-03, 6.18327223e-02, -1.58272665e-02,
       5.61500192e-02, 2.87978258e-02, -1.09766722e-02, 2.20859237e-02,
       -1.08165038e-03, -4.54509258e-02, -2.37566829e-02, 1.96442492e-02,
       -5.48608741e-03, 4.90061641e-02, -5.65542877e-02, 3.80785093e-02,
       -1.32751092e-03, -2.80769523e-02, -6.18498586e-02, 1.97505318e-02,
       -3.44367288e-02, 4.46964912e-02, -1.74716320e-02, -2.72295857e-03,
       5.22725172e-02, 2.21063159e-02, 3.50576751e-02, -9.65267047e-02,
       3.51136513e-02, -1.23195074e-01, -1.53589714e-02, -3.90926972e-02,
       -3.85781862e-02, -6.44819289e-02, -7.99958128e-03, 2.98705455e-02,
       -4.29758877e-02, 3.95616181e-02, -1.33594396e-02, 1.77089572e-02,
       -4.61896583e-02, 7.71481395e-02, -7.80009525e-03, 4.60481197e-02,
       6.68723136e-02, -1.80045720e-02, -3.98282409e-02, -4.30783741e-02,
       -1.14584565e-02, -2.21525296e-03, 9.36323926e-02, -6.98611662e-02,
       4.22418443e-03, -4.16575372e-02, 7.56704807e-02, -1.93753894e-02,
       5.02770171e-02, 1.30452970e-02, -1.18032908e-02, -3.29265520e-02,
       1.13074388e-02, -2.10095663e-02, 3.87993753e-02, 6.75996020e-02,
       2.69216159e-03, -7.45523348e-02, -1.69286281e-02, 2.33026948e-02,
       1.90376360e-02, -1.05026516e-03, 6.74529886e-03, 5.44176772e-02,
       2.74372585e-02, -1.91706903e-02, 2.31401417e-02, -5.52658029e-02,
       -1.93220805e-02, -2.53907349e-02, -3.10514178e-02,
       -4.89303172e-02, 9.66062844e-02, -1.08736930e-02, -4.90174303e-03,
       1.11646978e-02, 4.18447144e-02, -3.59459929e-02, 1.67639065e-03,
       8.87617096e-02, 1.34107089e-02, -2.64171734e-02, -1.50561761e-02,
       7.76395900e-03, 3.93812694e-02, -1.57741969e-03, 2.46856809e-02,
       -4.64817584e-02, 9.04666185e-02, -1.19050220e-03, -4.21849862e-02,
       -4.06536087e-03, 3.92922238e-02, 6.58630952e-02, -8.88864696e-02,
       -6.10255003e-02, 1.03910575e-02, -3.02610956e-02, -1.18944785e-02,
       -7.74390399e-02, -8.33508223e-02, 2.26988979e-02, 6.11392874e-03,
       1.75387301e-02, -6.62245601e-02, 1.85531583e-02, -3.46903428e-02,
       -6.65338933e-02, -1.42122693e-02, 2.40340200e-03, 1.17365457e-02,
       -7.90861342e-03, 6.95982110e-03, -3.16722319e-02, -6.24907985e-02,
       6.85040951e-02, -7.41354562e-03, 3.40300761e-02, -4.45428453e-02,
       3.36008966e-02, 3.25895958e-02, -2.16743458e-04, 7.82372802e-02,
       -8.49095266e-03, -1.49645796e-02, 2.77923625e-02, 1.74445007e-02,
       -6.82698041e-02, -7.11719319e-02, -3.27823684e-02,
       -2.39889659e-02, 3.04349046e-02, 3.48930471e-02, 6.85198186e-03,
       8.03500041e-02, 7.03508966e-04, 2.90581211e-03, 6.97237179e-02,
       1.21793163e-03, 2.80884467e-03, 3.27049568e-02, 3.88820693e-02,
       5.28465696e-02, -3.87123898e-02, 1.29479906e-02, 8.35595354e-02,
       2.51489300e-02, -8.18365312e-04, 3.75101641e-02, -3.80333290e-02,
       -2.90769041e-02, -2.22743442e-03, -3.47096138e-02, 4.56595756e-02,
       3.12199797e-02, -3.72098163e-02, -1.07120182e-02, 5.99169768e-02,
       1.03979297e-02, -1.26562221e-02, 6.94297301e-03, 2.96860710e-02,
       -1.56627223e-02, 8.27332865e-03, -5.46964891e-02, 2.09308285e-02,
       3.72501314e-02, 6.71595261e-02, -2.05218736e-02, 5.80552816e-02,
       -5.13364002e-02, -2.64126752e-02, -6.80056140e-02, 7.96433911e-02,
       -4.97238636e-02, -1.16496515e-02, -5.80321848e-02,
       -4.27171998e-02, 6.87112752e-03, -5.86936362e-02, -3.49132754e-02,
       7.26471618e-02, -3.54749970e-02, 3.48685868e-02, 2.70989444e-02,
       -1.98758915e-02, -4.17177752e-02, -2.28046495e-02,
       -7.51619786e-02, -4.02293652e-02, -4.43809619e-03,
       -1.44622270e-02, 2.13988665e-02, 4.38463837e-02, -3.27763185e-02,
       1.12086153e-02, -9.56740975e-02, -3.37412208e-02, -1.75887358e-03,
       -2.45866552e-02, 3.04028708e-02, -5.30343018e-02, -2.01091357e-02,
       2.77735274e-02, -6.27035648e-02, 5.87061830e-02, -1.68004737e-03,
       2.75024660e-02, 6.93139806e-02, -3.06234229e-02, -5.13186045e-02,
       5.91183593e-03, -1.35712819e-02, 8.49625617e-02, 1.68011542e-02,
       -5.78617193e-02, 4.61220667e-02, 2.80036740e-02, -4.39339131e-02,
       -6.23842627e-02, 5.73269986e-02, -4.24078777e-02, -1.59986895e-02,
       1.74918398e-02, -9.93025377e-02, -4.64459583e-02, -2.63850298e-02,
       4.01207432e-02, -4.95369136e-02, -4.31442931e-02, -6.67888299e-02,
       -4.62422241e-03, 1.11944824e-01, 1.83598679e-02, -5.42660877e-02,
       -1.56224966e-02, 5.48691489e-02, 5.45686111e-02, 2.31492538e-02,
       -9.49777588e-02, -4.53754552e-02, 3.41508985e-02, 4.45134751e-02,
       -4.24455740e-02, 1.90878417e-02, 9.48168058e-03, 2.12873332e-02,
       -6.57288283e-02, -6.78069470e-03, 9.19079781e-03, -3.19881476e-02,
       -3.60067077e-02, 4.42513451e-02, -6.49157315e-02, 2.17082463e-02,
       -3.02527342e-02, 3.99831310e-02, 3.86904590e-02, -2.96861324e-02,
       4.31138985e-02, -1.21377045e-02, -4.76427609e-03, 4.07107025e-02,
       -3.03657297e-02, 1.32301878e-02, 5.26426248e-02, 5.09318113e-02,
       -3.98407364e-03, 2.17184983e-02, -9.32939053e-02, -2.49525420e-02,
       -1.92706399e-02, -5.46826457e-04, 7.57401437e-02, 5.05908616e-02,
       -1.30595975e-02, 2.21134424e-02, 5.79915158e-02, 3.83848348e-03,
       8.95476434e-03, 3.19937915e-02, 1.96707603e-02, 2.57654041e-02,
       2.11163256e-02, -1.13619315e-02, -9.28668398e-03, 1.78621691e-02,
       -6.18907697e-02, -3.18719726e-03, 1.61146652e-02, -8.72229710e-02,
       2.34685428e-02, -4.58168238e-02, 3.37649919e-02, 3.51751335e-02,
       -1.27541199e-02, 4.17088084e-02, -1.86515488e-02, 7.93309286e-02,
       2.39675399e-02, 4.46760319e-02, 2.70827487e-02, 4.66310456e-02,
       -2.06643972e-03, 4.66544479e-02, 2.50456929e-02, -3.06274779e-02,
       -3.42412926e-02, -5.11812828e-02, -3.80743630e-02, 4.25640084e-02,
       -3.63375135e-02, 1.02573922e-02, -1.47226127e-02, 3.97257768e-02,
       3.27978469e-02, 3.04051023e-02, -1.02490492e-01, 1.28484434e-02,
       -6.42820001e-02, -3.26386616e-02, 1.12892333e-02, -1.75579209e-02,
       9.32913925e-03, 2.09332742e-02, -1.15252761e-02, -3.92536595e-02,
       1.18982117e-03, 7.30818361e-02, -1.08038972e-03, 6.73989281e-02,
       -2.91021839e-02, 8.17992315e-02, -3.19075286e-02, -1.86650418e-02,
       2.97609251e-02, -6.34319037e-02, -6.18195906e-02, 7.65145570e-02,
       3.94357322e-03, -5.98722212e-02, -3.80107351e-02, -6.12746738e-02,
       7.04062358e-03, -8.59425217e-03, -3.97125632e-02, -3.92993353e-02,
       4.23702225e-02, -2.84361094e-02, -4.22279648e-02, -6.13531582e-02,
       5.26530929e-02, 2.89423205e-02, -1.37727316e-02, 7.86486175e-03,
       -8.34003389e-02, 5.91808148e-02, 6.04403429e-02, -3.88554409e-02,
       -2.45727748e-02, 4.14727107e-02, 8.84435922e-02, -4.96332869e-02,
       2.38811001e-02, -1.76366325e-02, 6.20518997e-02, -5.69898402e-03,
       -4.97031352e-03, -5.94285801e-02, -1.33797705e-01,
       -4.20336351e-02, -2.00006291e-02, -2.39155758e-02,
       -3.02474871e-02, -4.52256426e-02, -7.74922036e-03,
       -3.95595580e-02, 5.94434813e-02, -7.87468180e-02, -4.86586429e-02,
       1.02830544e-01, -5.18504642e-02, 1.22330599e-02, -3.47323418e-02,
       4.31953333e-02, -4.09579463e-02, 1.07313864e-01, 9.27456319e-02,
       5.51852584e-02, -2.65547838e-02, 3.76326442e-02, -1.61316886e-03,
       -2.48649307e-02, 4.76702079e-02, -7.23088309e-02, -5.00149429e-02,
       -3.35716940e-02, -3.23012332e-03, 1.04778605e-02, 6.86708540e-02,
       -4.31504510e-02, 9.93721769e-04, 8.10879841e-02, -1.19440906e-01,
       1.13038509e-03, 9.70230699e-02, -4.53526154e-02, 2.97816340e-02,
       -5.84114902e-03, -8.22188985e-03, -1.36158513e-02, 6.63854927e-02,
       -1.71385780e-02, -2.87496932e-02, -7.97137711e-03, 4.56415769e-03,
