%YAML:1.0
---
matrix: !!opencv-matrix
   rows: 1
   cols: 512
   dt: f
   data: [ -4.06667478e-02, -4.37328555e-02, 2.36373879e-02,
       4.24874872e-02, -4.64477316e-02, -3.41215134e-02, -5.22771925e-02,
       6.00106642e-02, 5.36201559e-02, 2.96365954e-02, -6.35190308e-03,
       -2.02792324e-02, 1.12920338e-02, 2.06083506e-02, -1.87476482e-02,
       -9.35883075e-03, -2.91503011e-03, -4.14671227e-02,
       -3.08773648e-02, 6.61501586e-02, -4.77713038e-04, -4.62416047e-03,
       -2.31054928e-02, -1.59814265e-02, -8.93976260e-03, 1.01367064e-01,
       -3.47579946e-03, 1.32501334e-01, 3.33296061e-02, -9.22197476e-03,
       -7.65373111e-02, -1.44631108e-02, 4.27232571e-02, -3.75021920e-02,
       5.15982546e-02, 4.24116738e-02, -2.03413423e-02, 3.57249826e-02,
       1.40122175e-02, -2.70577744e-02, -2.42278781e-02, -2.70492584e-02,
       3.01462109e-03, -3.28545421e-02, -2.54407190e-02, -7.47487172e-02,
       1.39267799e-02, 3.85560580e-02, 7.91933760e-02, 6.15604296e-02,
       3.14114690e-02, 9.19116009e-03, 5.79783209e-02, 4.59962487e-02,
       -2.93431822e-02, 7.70863378e-03, -3.54916491e-02, 2.80084442e-02,
       3.23094465e-02, 3.42948847e-02, -9.66866221e-03, 2.27769185e-02,
       -5.37806936e-02, -5.27502410e-03, 8.41214508e-03, -1.20111518e-02,
       3.68413776e-02, -8.08524899e-03, -7.61966705e-02, -7.59527972e-03,
       2.34639738e-02, 1.21628717e-02, -1.54869473e-02, 8.66290554e-02,
       -6.17339741e-03, 5.90714104e-02, -6.70770835e-03, 3.39339674e-02,
       4.07746695e-02, -2.45502777e-02, -3.33500691e-02, 1.99979991e-02,
       -2.37533916e-02, -3.96647155e-02, 7.15158954e-02, 1.16861984e-02,
       -4.58825491e-02, 7.86969364e-02, -8.93863812e-02, 4.61256318e-02,
       -6.12771623e-02, -1.80372894e-02, 3.25108063e-04, -7.78609887e-02,
       2.21610460e-02, 1.76973902e-02, -3.81886065e-02, -4.08122782e-03,
       4.62155379e-02, 5.36621772e-02, -1.01864366e-02, 4.13318761e-02,
       -3.00221723e-02, 3.97319421e-02, -3.21061797e-02, -4.54479791e-02,
       -2.17131861e-02, -2.92999167e-02, 9.51720923e-02, -6.61790967e-02,
       5.71515001e-02, 5.32584079e-03, -4.07316685e-02, 1.00441255e-01,
       5.61212935e-02, -7.36398669e-03, 1.47901810e-04, -7.80754089e-02,
       4.70511839e-02, -8.83856323e-03, -3.38248089e-02, -4.09160219e-02,
       -4.10068920e-03, 4.27538827e-02, 2.89974958e-02, 3.25097367e-02,
       -4.28960135e-04, 3.27044800e-02, -1.48589611e-02, -1.19911146e-03,
       4.09021080e-02, -3.38252187e-02, -2.05417033e-02, 4.07611765e-02,
       1.92628726e-02, 2.37817932e-02, -4.80102189e-02, -1.16579875e-03,
       4.21421193e-02, 1.84193589e-02, -1.58998743e-02, 6.81799129e-02,
       -1.18347900e-02, 6.53138459e-02, 2.73410678e-02, -2.53112167e-02,
       -6.37726858e-04, 4.16870825e-02, 6.87392578e-02, -9.74660623e-04,
       -7.57460296e-02, 8.83884579e-02, 1.25611350e-01, 8.85182545e-02,
       -4.72880155e-02, 4.98744659e-02, 4.59815077e-02, -2.83498894e-02,
       6.45772591e-02, -6.01698346e-02, 1.41767152e-02, 2.58544497e-02,
       -2.96510700e-02, 5.78209199e-02, -6.09061606e-02, -7.51454150e-03,
       -9.15590376e-02, -7.94493631e-02, -3.56810056e-02, 8.21144134e-02,
       3.63644324e-02, 4.10466827e-02, -3.49710956e-02, -5.72021492e-02,
       2.23445538e-02, 3.42078470e-02, -2.07232572e-02, -1.77914016e-02,
       7.10090250e-03, 2.22169571e-02, -3.95151637e-02, -3.33324596e-02,
       5.58837913e-02, -7.82275386e-03, 2.87905186e-02, 2.80242860e-02,
       -1.55574847e-02, -3.68003361e-02, 2.12863348e-02, -2.75709722e-02,
       4.94494177e-02, -4.54661995e-02, -1.17145590e-01, -2.88568418e-02,
       1.11743938e-02, 6.88779913e-03, -2.87157446e-02, -3.14860307e-02,
       1.57276876e-02, -6.44686148e-02, 5.66655062e-02, 5.16421795e-02,
       5.28365783e-02, 2.25121006e-02, 1.82784740e-02, 6.31561950e-02,
       -4.93566156e-04, 2.97217015e-02, 3.68369482e-02, -1.33693712e-02,
       7.46334568e-02, 2.20009163e-02, -2.52560806e-02, 2.98828986e-02,
       2.49843802e-02, -5.78412712e-02, 3.84469493e-03, 3.08486596e-02,
       2.23568082e-02, -6.05730526e-02, -1.44572370e-02, -1.13693759e-01,
       1.10373041e-02, 1.83459315e-02, -5.33468649e-02, -4.38261926e-02,
       9.91971511e-03, -5.22782141e-03, -7.40819285e-03, 4.59305830e-02,
       6.66841641e-02, 1.11579169e-02, -5.85783683e-02, -1.01670399e-01,
       -4.58825231e-02, 5.53739741e-02, -9.15490836e-02, -2.39258483e-02,
       2.82777357e-03, -6.57657459e-02, 5.14841871e-03, -1.38465129e-02,
       1.92183014e-02, -1.59315262e-02, -3.16840969e-02, -4.62835841e-02,
       -9.74954106e-03, 2.75319498e-02, 6.94416687e-02, 1.65734645e-02,
       -5.10963053e-02, -2.02912632e-02, 4.10913453e-02, -9.91122350e-02,
       -3.40254493e-02, 1.68202352e-02, -2.39246879e-02, 3.07607073e-02,
       -5.15267774e-02, 3.38915586e-02, 1.63555834e-02, 2.69383918e-02,
       -7.07334876e-02, -5.50503731e-02, -8.33380909e-04, 3.11060790e-02,
       -4.92297038e-02, 7.02068508e-02, -4.33727987e-02, 4.42836015e-03,
       7.17937574e-02, -3.27655822e-02, -2.06157304e-02, -2.61596180e-02,
       4.00591791e-02, -3.61694582e-02, -6.16165344e-03, 2.79888380e-02,
       4.12343889e-02, -9.36252344e-03, 7.42335096e-02, 4.37506326e-02,
       4.50133011e-02, 1.93702597e-02, -6.27439544e-02, 2.82446202e-02,
       -1.69021357e-02, 1.83370579e-02, -2.94713210e-02, 4.04996090e-02,
       -8.54285732e-02, -3.93047333e-02, -3.88191454e-02,
       -2.28664465e-03, -6.28413484e-02, 7.85357729e-02, -5.28632216e-02,
       -4.93004397e-02, 2.30581835e-02, 2.56348941e-02, 4.42770310e-03,
       -5.12954593e-02, -1.17833866e-02, 1.08902231e-02, 6.31414875e-02,
       3.09093669e-02, 4.80089523e-03, -1.76710505e-02, -1.45528587e-02,
       5.58246374e-02, -7.69915571e-03, -4.34519304e-03, -8.38564485e-02,
       6.87788799e-02, -3.67204137e-02, -6.67546596e-03, 9.05132666e-02,
       1.17852487e-01, 8.63113906e-03, 2.55804546e-02, -6.58110529e-02,
       1.66911818e-02, 3.44457217e-02, -1.05021102e-02, 2.46165320e-02,
       -4.01731394e-02, 2.78381817e-02, -4.12354385e-03, -4.93504032e-02,
       -7.28744045e-02, 2.11377945e-02, 1.15217492e-02, 2.51532700e-02,
       4.00669836e-02, 3.06772138e-03, 2.80938540e-02, -1.59382150e-02,
       -1.82227716e-02, -1.85759328e-02, 4.26831394e-02, 2.00049412e-02,
       -1.73613708e-02, 4.72973753e-03, 7.67000690e-02, 1.42508941e-02,
       1.51228495e-02, 6.63101599e-02, 3.68130766e-03, 3.35620642e-02,
       -1.36082247e-02, -2.41736160e-03, 1.27377259e-02, -2.66227704e-02,
       -1.49804552e-03, 6.36503696e-02, 5.84275760e-02, 1.92622989e-02,
       4.56995107e-02, 9.50047001e-02, 1.29546644e-03, -7.13520125e-02,
       -4.40573506e-02, 1.19668869e-02, -8.51524472e-02, 3.10555603e-02,
       -5.86876161e-02, -5.00487303e-03, 2.24020090e-02, -1.01717273e-02,
       -7.72904828e-02, -3.98537442e-02, 1.44090513e-02, 1.67488791e-02,
       1.01093531e-01, -3.62625830e-02, 1.59762837e-02, -7.38926679e-02,
       4.41501364e-02, 1.72206201e-02, 5.14591150e-02, -5.62873716e-03,
       4.55715664e-04, 9.56894383e-02, -2.43435521e-02, -3.71082313e-02,
       -1.01591041e-02, 9.10319611e-02, 5.63669316e-02, -2.81472709e-02,
       2.44189519e-02, 6.06971048e-03, -1.63750798e-02, 2.22717766e-02,
       -6.92277402e-02, -7.94705078e-02, 7.73294270e-02, 2.59779543e-02,
       -3.37212160e-02, -1.59368869e-02, -9.90845170e-03,
       -1.21905049e-02, 5.30595286e-03, -5.39153330e-02, -8.42429511e-03,
       3.61663327e-02, 9.32107866e-02, 5.70428707e-02, -6.81586862e-02,
       4.64337058e-02, 4.16283347e-02, 1.63367037e-02, -2.29890253e-02,
       -5.73492348e-02, 1.69190038e-02, 1.37107503e-02, 1.43622132e-02,
       2.56884319e-04, 1.66112389e-02, 6.44658180e-03, -2.67137541e-03,
       9.86223668e-03, 6.02415716e-03, 2.95250653e-03, -9.23793763e-03,
       3.77384610e-02, -1.88342109e-02, -5.30522577e-02, -6.88281804e-02,
       -1.66913755e-02, -8.33276883e-02, 3.07939742e-02, -2.59159114e-02,
