%YAML:1.0
---
matrix: !!opencv-matrix
   rows: 1
   cols: 512
   dt: f
   data: [ -2.84405053e-02, 2.34160125e-02, -1.34262778e-02,
       -1.74413947e-06, 1.35195144e-02, 5.20119555e-02, -4.32857163e-02,
       -6.27411297e-03, -8.14968497e-02, -7.37313123e-04, 2.75122989e-02,
       -3.82780991e-02, 4.19749096e-02, 3.17647420e-02, 5.13632447e-02,
       7.70942271e-02, -3.60518657e-02, 3.75481769e-02, 2.47987770e-02,
       -4.77902498e-03, -3.45642157e-02, -4.96853776e-02,
       -6.22752719e-02, -3.33671831e-02, -3.23067345e-02,
       -4.71647717e-02, -1.62549701e-03, 1.16427988e-01, 8.02702978e-02,
       4.70302142e-02, -2.45076213e-02, -3.73028480e-02, -1.42350039e-02,
       -7.27044931e-03, -1.03885686e-04, -1.06344279e-02,
       -2.37749331e-02, 2.52852887e-02, 2.94609852e-02, -4.79012839e-02,
       -1.11862971e-02, 1.57348718e-02, -6.33910447e-02, 3.59887183e-02,
       4.34047505e-02, 3.07447016e-02, -2.12885793e-02, 4.12653647e-02,
       7.59551004e-02, 6.34028390e-02, -4.43450315e-03, 2.07506176e-02,
       -4.01883088e-02, -1.77256507e-03, 5.02553489e-03, 7.27187917e-02,
       1.59651749e-02, -4.95386384e-02, -3.03252670e-03, 3.53090316e-02,
       -3.13090496e-02, -3.53708304e-03, 6.51612058e-02, -6.10762574e-02,
       2.75445525e-02, -5.02932444e-02, 3.04911286e-03, 1.44456467e-02,
       -3.62433530e-02, 3.43533345e-02, -2.43126191e-02, -1.07154800e-02,
       -1.65222120e-02, -6.80026710e-02, 4.87418547e-02, -3.19677331e-02,
       -2.76602022e-02, -2.65254527e-02, -2.71356497e-02,
       -6.95104972e-02, -5.81445284e-02, 7.93028325e-02, -4.08275146e-03,
       1.28105674e-02, 3.96801569e-02, -4.96734530e-02, -8.28115493e-02,
       4.67870496e-02, 6.15480170e-02, -5.86972246e-03, 1.32728489e-02,
       -4.15225141e-02, -1.30862489e-01, 1.64043345e-02, 4.75785732e-02,
       -8.28468204e-02, -5.98382242e-02, 3.14268246e-02, -2.07109023e-02,
       -4.07944061e-02, 5.29671423e-02, 1.94189306e-02, -2.57554073e-02,
       -1.09044956e-02, -1.22582458e-01, -3.28631629e-03, 2.07943022e-02,
       6.55534863e-02, 3.58043276e-02, -5.68605028e-02, -1.67964958e-02,
       -2.56711394e-02, -2.62146145e-02, 2.70422697e-02, -1.49202822e-02,
       -1.04448378e-01, -6.26508612e-03, 5.19849919e-02, 4.18881737e-02,
       -9.60447639e-02, -6.06900938e-02, -6.26750067e-02,
       -1.39879631e-02, 4.35930211e-03, 1.56444609e-02, 8.12839344e-02,
       -1.47840297e-02, 6.94798678e-02, 1.86227653e-02, 2.13663559e-02,
       1.91272981e-03, 5.23394672e-04, -2.00861935e-02, 5.63479923e-02,
       -4.02355492e-02, -7.39630312e-03, 2.39104386e-02, 8.69266441e-05,
       1.14665003e-02, 7.33571500e-02, 1.62069742e-02, -1.69828590e-02,
       -1.40976742e-01, 6.49226829e-02, 9.26952586e-02, -2.68242415e-02,
       -2.60146521e-03, 2.71707345e-02, -8.99063516e-03, -5.13581075e-02,
       -8.07631910e-02, 8.60548541e-02, -4.98438030e-02, 1.40448390e-02,
       3.05013061e-02, -3.91335897e-02, 2.66142022e-02, 7.09979311e-02,
       5.74546754e-02, -2.52219066e-02, -8.07503834e-02, 8.61369595e-02,
       5.26937246e-02, 6.21825084e-02, -7.06657544e-02, -5.50174825e-02,
       -2.67667323e-02, -2.70037260e-02, 5.00085577e-02, -2.51833163e-03,
       -2.61034090e-02, -2.60566343e-02, 1.51640165e-03, -1.55434728e-01,
       -1.86298322e-02, -1.93361305e-02, 3.32666188e-02, 3.32254134e-02,
       -4.46665846e-02, -5.66646568e-02, -3.09578180e-02, 9.26530827e-03,
       1.31231859e-01, -1.10292677e-02, -1.65199637e-02, -1.22677376e-02,
       -9.94730592e-02, 7.52625812e-04, -5.10388389e-02, -3.51350307e-02,
       1.68742146e-02, -8.13575741e-03, 1.16875926e-02, -2.68037315e-03,
       -1.39766196e-02, 8.03739578e-03, -2.04184111e-02, 5.00440486e-02,
       5.24261594e-02, -4.23534513e-02, 4.81033884e-02, 9.56425592e-02,
       8.40491876e-02, -2.95789968e-02, 1.39065953e-02, 1.01488847e-02,
       -3.20314467e-02, 2.60490477e-02, -5.71478121e-02, 6.40379786e-02,
       -6.17688848e-03, -4.03683670e-02, -2.76964828e-02,
       -6.43591490e-03, -7.78503269e-02, 1.37480050e-02, -8.51284596e-04,
       7.03016445e-02, 8.80780071e-03, 1.80356354e-02, 8.10650289e-02,
       -6.65241256e-02, -3.08813155e-02, 5.66937253e-02, -4.28774059e-02,
       -5.10811508e-02, -1.47434585e-02, -2.17633229e-02,
       -3.40947062e-02, 6.72715977e-02, 8.01003948e-02, -3.44469659e-02,
       -2.04764437e-02, -1.09790288e-01, -1.31438188e-02,
       -1.14469267e-02, -9.34012309e-02, 2.00993177e-02, 3.24452519e-02,
       -2.50806641e-02, -3.34986262e-02, -2.27796528e-02,
       -2.47485880e-02, 4.63079140e-02, -2.04832703e-02, -5.08289821e-02,
       -1.54584460e-02, 5.63035943e-02, 3.42903584e-02, 6.00851364e-02,
       -7.21167251e-02, 5.70422783e-02, 9.82768834e-03, -1.50464363e-02,
       -2.88617928e-02, -3.00636105e-02, 3.09123881e-02, 3.46025303e-02,
       7.52885779e-03, -3.92697453e-02, 3.06950007e-02, -4.27675769e-02,
       6.34551942e-02, -1.59490865e-03, -1.35658449e-02, -5.32568432e-02,
       -3.43228341e-03, 2.32755695e-03, -4.29605357e-02, 8.49115998e-02,
       -1.28573664e-02, -2.14696918e-02, -3.61313894e-02,
       -6.87938631e-02, 1.26315886e-02, -1.59988627e-02, 2.55681444e-02,
       6.37938385e-04, -7.67352758e-03, -1.11262463e-01, 6.32776916e-02,
       4.25727926e-02, 1.94780007e-02, -5.61332190e-03, 5.83054237e-02,
       5.99052832e-02, -7.22030597e-03, 9.35844553e-04, 7.48043088e-03,
       -2.22186632e-02, -1.10099211e-01, 3.62563245e-02, -4.01469693e-03,
       -2.82325651e-02, -4.90263887e-02, 6.60471767e-02, 6.16391487e-02,
       -1.15897600e-02, -5.00877686e-02, -5.73407263e-02,
       -4.84946072e-02, 2.68611535e-02, 1.68264341e-02, 1.25737097e-02,
       -3.11731584e-02, 2.79458687e-02, 7.32922507e-03, -2.12428044e-03,
       2.41138544e-02, 2.51471475e-02, 1.36622507e-02, 1.53503194e-02,
       -5.99341616e-02, -1.94020495e-02, -1.62405316e-02,
       -3.58960293e-02, -3.42801698e-02, -1.77846365e-02, 8.45163092e-02,
       -1.22331958e-02, -2.82517187e-02, -1.79796610e-02, 2.64330655e-02,
       -5.59690502e-03, -4.02788445e-02, 2.28329785e-02, -1.20251747e-02,
       -2.12470070e-02, 2.40843631e-02, -3.46323401e-02, 7.57525023e-03,
       4.71121036e-02, -6.47511557e-02, -1.63858850e-02, -6.85008094e-02,
       -3.94395627e-02, -1.22478586e-02, -2.59636622e-02,
       -3.45794633e-02, -5.73294144e-03, -7.54547715e-02, 5.11229299e-02,
       -1.80718326e-03, -5.17726354e-02, -7.23203132e-03,
       -1.61356591e-02, -7.61597306e-02, 7.34665468e-02, -3.41625772e-02,
       -1.13978665e-02, 1.40543040e-02, 1.11065367e-02, -1.58259012e-02,
       -2.25031264e-02, 5.20680891e-03, 1.75350183e-03, 4.22303304e-02,
       6.33313432e-02, -3.57069746e-02, -2.22318824e-02, 6.68293238e-03,
       -8.11800361e-03, 3.54956277e-02, -1.35153476e-02, 4.81813820e-03,
       2.73592807e-02, -2.05716887e-03, -2.34171059e-02, -6.42420277e-02,
       -4.20614146e-02, 9.77462605e-02, -1.95250697e-02, -1.48427794e-02,
       2.56511942e-02, -9.07431021e-02, -2.86576673e-02, 2.49373056e-02,
       2.45885588e-02, 9.25975945e-03, -2.39148661e-02, 2.62392294e-02,
       -4.10816772e-03, 7.88455736e-03, 5.56601584e-02, -3.20131145e-03,
       4.56718728e-02, 6.22184901e-03, -4.22645286e-02, 1.72293605e-03,
       -2.23060474e-02, 4.57085744e-02, 4.96495422e-03, -3.26933302e-02,
       5.34174172e-03, 1.79417338e-02, 6.43616021e-02, 1.92801952e-02,
       7.41807790e-03, -5.78395203e-02, 2.61750035e-02, 1.00564538e-02,
       -2.42866818e-02, 1.15169380e-02, -1.48416301e-02, -5.93154281e-02,
       4.06556875e-02, -4.52750213e-02, -9.91306826e-03, 4.00197096e-02,
       -6.77113757e-02, 1.59987877e-03, -2.94298865e-02, 5.92936575e-02,
       3.67655195e-02, 2.97873584e-03, 2.96947714e-02, -3.52622266e-03,
       -5.84083423e-02, 9.68031958e-03, 8.54988396e-03, 2.07166784e-02,
       6.39184341e-02, 3.29824677e-03, 3.07765859e-03, 3.00688595e-02,
       2.28926074e-02, 1.00918002e-01, -1.02300867e-01, 2.66268123e-02,
