%YAML:1.0
---
matrix: !!opencv-matrix
   rows: 1
   cols: 512
   dt: f
   data: [ 1.01196365e-02, 1.10236346e-03, -5.20893000e-02,
       3.46298213e-04, -1.41556831e-02, -6.22297488e-02, -1.30733941e-02,
       -6.54090121e-02, -1.95527151e-02, -6.53658658e-02, 2.22536759e-03,
       -4.57282253e-02, 2.78974487e-03, -1.29974680e-02, -5.19866534e-02,
       1.96723938e-02, 4.93869446e-02, 4.03339714e-02, 3.17409821e-02,
       7.07797194e-03, 3.77260037e-02, 5.21180630e-02, -3.06507107e-02,
       7.34134689e-02, 1.14798415e-02, -1.33643150e-02, 4.49066870e-02,
       9.90914255e-02, -1.64340921e-02, 3.87330577e-02, 3.49826366e-02,
       -2.84771901e-02, -5.64284995e-02, -1.86965466e-02, 7.19789863e-02,
       7.14433342e-02, -2.21853517e-02, -4.59126830e-02, 7.23637221e-03,
       8.49958509e-02, 2.12438814e-02, -7.19120400e-03, -5.41044474e-02,
       1.14464285e-02, 3.24379057e-02, 1.19668618e-03, 4.18759361e-02,
       -2.18295045e-02, 3.49586233e-02, -3.72971850e-03, -2.59139929e-02,
       1.26170097e-02, 6.80831261e-03, 1.21755593e-01, 2.20419448e-02,
       -2.81463005e-02, 4.61251140e-02, -3.73717584e-02, -2.46963352e-02,
       -1.41048040e-02, 1.11080119e-02, -5.52825928e-02, -8.61014351e-02,
       7.53703266e-02, -2.13665739e-02, -7.21287951e-02, 8.10782760e-02,
       -4.48879413e-03, -5.51788881e-02, -9.32155177e-03,
       -5.55068925e-02, -7.23694637e-02, -3.64624243e-03, 1.30646423e-01,
       4.69693020e-02, -6.53159693e-02, -9.44606587e-02, -6.41436800e-02,
       9.63025838e-02, -3.27345207e-02, -3.07159815e-02, -4.72123958e-02,
       2.96025239e-02, -8.73152316e-02, -2.54987571e-02, -1.05183488e-02,
       -2.07102709e-02, -5.47559327e-03, -1.36732593e-01,
       -2.72546597e-02, -4.72898521e-02, -6.50736094e-02, 1.79817539e-03,
       -2.18342487e-02, 4.00047563e-02, 2.68178638e-02, -4.55612540e-02,
       -5.26530221e-02, 7.16662407e-02, 4.42902036e-02, -5.88838421e-02,
       -1.90368425e-02, -8.57226625e-02, -1.15458518e-02, 9.31887701e-03,
       3.85472253e-02, 3.65116969e-02, 2.57537644e-02, 4.76467796e-02,
       6.64067105e-04, 7.56553635e-02, 1.87408458e-02, 3.28484699e-02,
       2.71507911e-02, 3.52045633e-02, 4.37142467e-03, -5.42652160e-02,
       -2.88219992e-02, 1.57829921e-03, -3.83920260e-02, -6.09479088e-04,
       -5.42794205e-02, 8.27570353e-03, -6.50605708e-02, -4.80405912e-02,
       1.45808933e-02, -2.65922155e-02, -5.74715883e-02, -4.87908768e-03,
       -2.12199185e-02, 8.34935065e-03, 9.23290290e-03, -1.50357867e-02,
       -5.17493077e-02, 2.24209987e-02, -4.83737327e-02, -5.36867119e-02,
       4.66025919e-02, 4.23426181e-02, -2.10071597e-02, -7.17438459e-02,
       8.17073807e-02, 3.04897074e-02, -9.83556826e-03, -2.57552620e-02,
       -1.80019457e-02, 7.86817819e-03, 7.80318901e-02, 2.35693660e-02,
       2.92606801e-02, 7.28394650e-03, -5.83891338e-03, -4.48649451e-02,
       -7.99654797e-02, -4.34078462e-03, 2.68848147e-02, -1.69811528e-02,
       -8.53188038e-02, 4.95293736e-02, -1.20432517e-02, 4.43831608e-02,
       6.47878125e-02, 3.94456647e-03, 6.24563498e-03, 3.43575478e-02,
       3.95607054e-02, 1.69303641e-02, 8.98498017e-03, -1.87542383e-03,
       -3.62164043e-02, 8.42062309e-02, -6.02419488e-02, 3.62845883e-02,
       -1.32336216e-02, 4.78790812e-02, -8.37144256e-02, 3.37264910e-02,
       2.80465968e-02, 5.13607822e-02, -2.19040550e-02, 2.29834933e-02,
       -5.21705039e-02, -3.13959159e-02, 1.38997305e-02, -7.21886456e-02,
       2.56871730e-02, -1.63956769e-02, 6.22886606e-02, 2.42658462e-02,
       5.23323612e-03, -1.99540593e-02, 5.81480227e-02, 9.18677449e-03,
       -7.13639706e-02, -3.75527404e-02, 1.39358984e-02, -2.39956100e-02,
       4.06642035e-02, -7.50298724e-02, -3.60259712e-02, 3.98493297e-02,
       6.18109070e-02, 1.21912844e-01, -5.20060621e-02, 2.81380415e-02,
       3.81528661e-02, -2.88598035e-02, -5.00561036e-02, -3.95043520e-03,
       1.26093933e-02, 1.80538986e-02, -2.81096939e-02, 6.59386963e-02,
       9.18579660e-03, -9.92683843e-02, 2.89460830e-02, 2.50403956e-02,
       5.44715226e-02, 1.39474971e-02, -3.34308743e-02, 6.56534173e-03,
       -4.40705009e-02, 2.25519668e-02, 1.87022556e-02, 2.82464866e-02,
       -4.24691811e-02, -2.72247754e-02, -3.12947594e-02,
       -1.26215108e-02, 3.92602980e-02, -5.37438057e-02, -3.39323096e-02,
       2.65473463e-02, 2.41195876e-03, 3.29255573e-02, 4.51721773e-02,
       1.55165670e-02, -4.39666808e-02, 1.33448401e-02, -1.00301035e-01,
       2.29094010e-02, 1.55028198e-02, 5.34104009e-04, 3.21622868e-03,
       -6.23767683e-03, -7.24909455e-02, -5.72418654e-03, 7.63237150e-03,
       -1.03970923e-01, 3.69914956e-02, -4.70728576e-02, -5.04441676e-04,
       -1.83317084e-02, 2.79192347e-02, -7.09562451e-02, -2.94821206e-02,
       1.38242205e-03, -8.82511027e-03, 1.57583375e-02, -2.72629969e-02,
       2.51634978e-02, 8.31421930e-03, -5.98456785e-02, -4.84582689e-03,
       2.13078037e-02, 1.58475917e-02, 3.89402211e-02, -2.50081508e-03,
       -1.96368154e-02, -4.03941423e-02, -9.45376009e-02,
       -3.61359827e-02, 4.59307842e-02, -1.01557169e-02, -1.54888015e-02,
       3.39204073e-02, 1.07429340e-03, 1.25411339e-02, -2.65760347e-02,
       9.46893543e-02, -6.30666465e-02, -1.60581376e-02, -1.31676402e-02,
       -7.72382617e-02, -3.82017568e-02, 5.26817888e-02, -1.70568153e-02,
       -1.87466908e-02, 1.24714496e-02, 3.64195369e-02, 2.21922435e-03,
       4.98078531e-03, -3.66542079e-02, -5.43459319e-02, -2.13927608e-02,
       6.60099536e-02, -8.75131264e-02, -1.41904950e-02, 5.99200688e-02,
       -9.12915915e-03, 1.55877341e-02, 5.82629256e-02, 5.82277169e-03,
       -6.66624382e-02, 2.53438801e-02, -6.25256589e-03, 3.86044271e-02,
       -5.11783874e-03, -1.30166775e-02, 3.44066927e-03, -5.76045066e-02,
       -1.20503949e-02, -3.62717137e-02, -4.95670997e-02, 7.07025453e-02,
       -3.96168157e-02, -2.10777819e-02, 4.56637479e-02, 2.08437592e-02,
       -1.98652428e-02, 1.90934520e-02, 6.41031340e-02, 2.70080287e-02,
       -7.78905349e-03, 7.04089506e-03, -5.86357415e-02, 4.43659760e-02,
       1.61742471e-04, 1.91467516e-02, -4.33632918e-02, -4.53038812e-02,
       3.54749300e-02, 2.12647207e-02, 1.63704716e-02, 4.02731113e-02,
       1.92231797e-02, 4.33633514e-02, -5.20922765e-02, 1.66219212e-02,
       -5.24811335e-02, -3.72188725e-02, 6.89723017e-03, 1.61093753e-02,
       5.11459298e-02, 8.27545598e-02, 2.82843653e-02, 6.50515631e-02,
       2.06799991e-03, 2.22136825e-03, -4.20516618e-02, 1.45660518e-02,
       -8.71897396e-03, 3.52708437e-02, -3.08277234e-02, 9.45915133e-02,
       8.17139726e-03, 2.74696201e-02, 3.06886621e-02, -8.49225894e-02,
       -3.58051546e-02, -1.35119203e-02, -1.38454018e-02, 6.27048090e-02,
       -5.00241891e-02, -4.05942686e-02, -2.54650954e-02,
       -7.04010250e-03, -8.55147466e-02, 2.35955995e-02, -3.19235176e-02,
       -5.78829348e-02, 7.50893960e-03, -8.33171457e-02, 3.11887115e-02,
       3.90679426e-02, -3.22191119e-02, 4.87820208e-02, -3.87237780e-02,
       -1.08910799e-01, -3.86001915e-02, -4.22246717e-02,
       -6.11130558e-02, -5.78971319e-02, -4.05943021e-02,
       -3.05159837e-02, -1.22839414e-01, -3.70280258e-02,
       -9.93785914e-03, -2.07207892e-02, -4.55328859e-02,
       -2.29622331e-02, 2.41815541e-02, -3.00409906e-02, -8.42143968e-03,
       -7.59314075e-02, 1.05602548e-01, 1.75434332e-02, 3.20839435e-02,
       -3.19701806e-02, -3.39047834e-02, -2.92800944e-02,
       -2.70908047e-02, -5.14123216e-02, -3.26085389e-02, 3.17422263e-02,
       -7.44232675e-04, -1.71463713e-02, 6.71777949e-02, 3.72379906e-02,
       9.32915434e-02, -4.68863100e-02, 1.86070874e-02, 1.34802172e-02,
       3.41150388e-02, 1.25465676e-01, 5.85576445e-02, -6.17516926e-04,
       -3.64980474e-02, 3.51915546e-02, -8.23893845e-02, -1.17445014e-01,
       2.38830615e-02, 8.86537880e-02, 1.36386435e-02, -2.86328401e-02,
       -8.72186869e-02, 7.31249973e-02, -3.56648187e-03, -4.76766005e-02,
