%YAML:1.0
---
matrix: !!opencv-matrix
   rows: 1
   cols: 512
   dt: f
   data: [ 6.06551096e-02, -1.16296843e-01, 9.57565904e-02,
       -1.82771143e-02, -4.78488468e-02, -3.03298309e-02,
       -1.61799658e-02, 2.11218987e-02, 3.04145226e-03, 3.78269181e-02,
       -8.44864408e-04, -2.92701297e-03, -1.30524319e-02,
       -1.02257384e-02, -3.31252329e-02, -1.49592403e-02, 5.06501421e-02,
       1.34374481e-02, -1.70589685e-02, -4.88729067e-02, 3.06615569e-02,
       -2.07933914e-02, -1.06359608e-01, 5.64386249e-02, -3.48037444e-02,
       -1.12524489e-02, 4.47674729e-02, -2.32898025e-03, 6.55571790e-03,
       4.07582559e-02, 3.68344523e-02, 5.67431897e-02, 2.86028907e-03,
       2.89864093e-03, 1.42627545e-02, 3.26172113e-02, -8.44968483e-03,
       8.40691328e-02, 7.73262139e-03, 1.73084084e-02, -7.77110606e-02,
       1.25999451e-01, -3.55298035e-02, -4.59792018e-02, 1.84626207e-02,
       3.18554305e-02, 6.00504763e-02, -1.54064898e-03, 3.04781925e-02,
       7.09581450e-02, 8.74932948e-03, 4.09913100e-02, 6.60193339e-02,
       -1.19902771e-02, 4.83365618e-02, -4.81515974e-02, -5.40919462e-03,
       3.71672325e-02, 6.93900883e-02, -3.46293151e-02, -6.38675392e-02,
       -1.04184421e-02, -3.13631669e-02, -3.22210602e-02,
       -7.57565573e-02, -1.94240250e-02, 6.86053857e-02, 2.30551679e-02,
       -4.74720262e-02, -3.51475105e-02, -4.71005827e-04,
       -1.07960170e-02, 4.22934294e-02, -3.46656376e-03, 2.30110716e-02,
       5.63168973e-02, -4.13028710e-02, -3.53821106e-02, -1.61894411e-03,
       4.50301170e-02, -5.88596202e-02, -1.22453962e-02, -1.68397035e-02,
       1.48592172e-02, -6.08984530e-02, 1.13589996e-02, 1.55439163e-02,
       5.61013892e-02, -3.04304659e-02, -6.03708662e-02, -3.15822032e-03,
       -5.40288277e-02, -2.18911637e-02, -5.45819588e-02, 4.91201356e-02,
       -1.95346251e-02, -1.13149197e-03, -2.45028920e-02, 2.07435638e-02,
       4.57102656e-02, -3.73046286e-02, 2.02431288e-02, 2.41265260e-03,
       2.13557072e-02, 2.07412131e-02, -2.42896210e-02, 2.07138509e-02,
       2.86809839e-02, -1.02905266e-03, 3.21791545e-02, 2.88420878e-02,
       -3.06697283e-02, 2.50460841e-02, -1.21859312e-02, 5.18779531e-02,
       -1.89033717e-01, -2.38302015e-02, -4.96076327e-03, 2.71326359e-02,
       -9.94425640e-02, 3.64464894e-02, -5.03702201e-02, -5.45197949e-02,
       -1.29104862e-02, -6.21510632e-02, 7.33436272e-03, 3.17431092e-02,
       6.88809603e-02, 2.38166638e-02, -5.59876747e-02, -2.12415471e-03,
       -6.85637817e-02, 1.86067875e-02, -2.80260853e-03, 5.87506182e-02,
       -7.26887807e-02, -7.59020448e-02, -1.12844752e-02, 4.07617874e-02,
       3.60800549e-02, -2.62874402e-02, -7.32830018e-02, -5.38947359e-02,
       5.04810028e-02, -4.96660322e-02, -3.31734382e-02, 3.14498879e-02,
       5.58063127e-02, -7.42542446e-02, -7.44773000e-02, -8.71280804e-02,
       -1.00743594e-02, -2.25831405e-03, -6.88969046e-02, 2.84354072e-02,
       2.98435986e-02, -5.11502363e-02, 8.05950165e-02, -2.49391384e-02,
       -6.01997599e-03, -4.37827818e-02, 9.08870809e-03, 8.82729795e-03,
       4.68199402e-02, -9.02818795e-03, 5.28158322e-02, -5.16477488e-02,
       -1.16816256e-02, 1.13949329e-01, 2.96713468e-02, 5.74339405e-02,
       2.80071888e-02, 2.79587656e-02, -5.35854697e-02, 1.53077058e-02,
       -1.89970564e-02, 3.74130309e-02, 4.21477407e-02, -2.17541046e-02,
       -7.90231749e-02, -1.31170247e-02, 8.83232653e-02, 5.13019040e-03,
       3.12278364e-02, 2.28324383e-02, 5.31224813e-03, 8.85972567e-03,
       -2.85635926e-02, -7.93189034e-02, 1.31296748e-02, -1.77359171e-02,
       -1.85840707e-02, -4.88090664e-02, -9.01624653e-03,
       -5.65711819e-02, 3.30097899e-02, 3.78535725e-02, 3.83905470e-02,
       -3.93927880e-02, -4.05469872e-02, 4.22741361e-02, 2.68270988e-02,
       8.64809155e-02, -1.02540240e-01, 5.96570335e-02, 5.13493568e-02,
       6.86963135e-03, 5.86774647e-02, -3.16266716e-02, -6.75191879e-02,
       -8.11269600e-03, -2.27916278e-02, 4.06975299e-02, -2.79189995e-03,
       3.26829851e-02, 1.56238200e-02, -3.35557349e-02, -4.02029138e-03,
       -3.63439359e-02, -9.88392755e-02, -1.76827125e-02,
       -4.63670753e-02, 1.48659190e-02, 9.54222679e-03, -2.04543173e-02,
       2.97371508e-03, 1.50955813e-02, 1.88434478e-02, -2.57081613e-02,
       2.25959923e-02, -5.26959188e-02, -2.27824617e-02, -7.17441589e-02,
       -6.52339011e-02, -1.71412323e-02, -4.20302302e-02,
       -2.46972144e-02, 2.28344705e-02, 7.07287937e-02, -1.18097030e-01,
       1.09466845e-02, -7.56909847e-02, -7.65856076e-03, -8.22672769e-02,
       2.04291362e-02, -4.86565307e-02, -1.91261303e-02, -4.69853953e-02,
       -5.42735793e-02, -8.09588581e-02, 1.53612738e-04, 5.51321136e-04,
       -4.46605161e-02, 9.17117298e-03, -3.47718038e-02, -2.70516481e-02,
       1.32543733e-02, 1.18097467e-02, -5.34934551e-03, 1.16072886e-03,
       5.61663806e-02, -6.51233420e-02, 4.45425585e-02, -2.49901495e-04,
       1.67264473e-02, -8.65838025e-03, 7.44324178e-02, 6.18562438e-02,
       -6.73047677e-02, -3.51897720e-03, -1.96362659e-02, 1.50801176e-02,
       -3.55285848e-03, -1.57547649e-02, 1.54954512e-02, -2.21744329e-02,
       -1.33444266e-02, 8.82012621e-02, -6.89813355e-03, 2.54829414e-02,
       -1.76918153e-02, 4.18841317e-02, 2.65576243e-02, -5.54483570e-02,
       -1.36301480e-02, 5.67500070e-02, -5.16129844e-02, -7.60981580e-03,
       -8.23060807e-04, -6.45042285e-02, -6.45737574e-02,
       -3.74060613e-03, 2.77744904e-02, -9.87963825e-02, 5.43798495e-04,
       -4.56364490e-02, 2.66763568e-03, 3.53804380e-02, 1.63251329e-02,
       3.40412557e-02, 5.27116396e-02, 7.29692653e-02, 7.42126210e-03,
       -2.44868244e-03, 3.52668464e-02, 1.48415798e-02, 2.89072469e-02,
       -6.08117431e-02, 3.62253152e-02, -9.48198289e-02, -2.46742996e-03,
       -5.07015251e-02, 5.54212742e-02, 1.47678275e-02, -1.42760733e-02,
       1.20033789e-02, -5.94640849e-03, -2.32133176e-02, 3.88629846e-02,
       1.47410743e-02, 6.48203399e-03, 3.39006260e-02, -4.46019024e-02,
       1.43156713e-03, 3.03653870e-02, -5.73622994e-03, -7.32979253e-02,
       -9.01695620e-03, -1.97305381e-02, 9.35027897e-02, 5.10129370e-02,
       1.17098019e-01, 2.67346343e-03, -2.54777130e-02, -3.31871212e-02,
       -1.57886147e-02, -1.65259372e-02, -1.18568521e-02,
       -4.76713739e-02, -3.29711363e-02, 5.59866102e-03, 4.73091900e-02,
       -2.35415492e-02, 2.36913059e-02, 2.40687691e-02, 2.75499094e-02,
       -2.76012458e-02, -2.90881395e-02, -3.57029174e-04,
       -1.81810725e-02, 2.42979312e-03, -1.00722447e-01, 6.38672151e-03,
       1.16714686e-02, -3.93241048e-02, -8.00094334e-04, -9.46872681e-02,
       -3.39558274e-02, -2.02467181e-02, 6.73934668e-02, 2.61894856e-02,
       3.79128456e-02, 3.40978913e-02, -6.84221163e-02, 5.51691242e-02,
       2.55531762e-02, 1.68833546e-02, 2.10067835e-02, 6.77997693e-02,
       4.79353331e-02, 3.18090357e-02, -7.98491761e-03, -2.58532148e-02,
       -5.22135422e-02, -8.59228708e-03, 6.05611950e-02, 4.60583009e-02,
       -2.03834400e-02, 1.80440992e-02, 3.87505703e-02, 7.19648600e-03,
       -6.84137195e-02, 3.45641077e-02, -2.38439366e-02, 2.01198040e-03,
       -2.82010250e-02, -2.29107123e-03, 9.22017097e-02, -6.34057224e-02,
       3.31481919e-02, 4.98504203e-04, -3.13028358e-02, -1.32469470e-02,
       -2.79778335e-02, -1.63991023e-02, -2.08404399e-02, 9.68251191e-03,
       3.85484323e-02, -3.87470908e-02, -1.04093701e-02, -7.95458108e-02,
       -6.44957125e-02, 2.33087037e-02, -1.12189926e-01, -2.34178267e-02,
       -5.16798049e-02, 3.18860672e-02, 2.39171162e-02, 1.11675430e-02,
       -6.28997982e-02, -1.45480111e-02, -2.79257912e-02,
       -9.78129916e-03, -9.02313367e-03, 3.21209617e-02, 3.27264555e-02,
       5.93297705e-02, 2.11385135e-02, -5.99034876e-03, -3.99595052e-02,
       -2.52405200e-02, 5.29311560e-02, 6.19904231e-03, 3.41240689e-02,
       -5.63658401e-02, -4.32479978e-02, 2.35390291e-02, -6.93131704e-03,
       4.41719703e-02, 1.66297390e-03, -1.09929312e-02, -5.14707156e-02,
