%YAML:1.0
---
matrix: !!opencv-matrix
   rows: 1
   cols: 512
   dt: f
   data: [ 1.82969170e-03, 2.40046047e-02, 2.19879113e-02,
       -6.35077953e-02, -1.21201491e-02, 3.74469981e-02, 6.34024590e-02,
       2.98614930e-02, 2.09226180e-02, 1.64856184e-02, -3.30572538e-02,
       -3.17603350e-02, -9.12886579e-03, -1.25650195e-02,
       -5.50510325e-02, 1.06581738e-02, -2.58630645e-02, -3.47586162e-02,
       7.05181807e-02, -1.04493601e-02, 7.95939937e-02, 1.19034432e-01,
       -1.72016472e-02, -7.39683583e-02, 2.47240718e-02, -1.60505474e-02,
       3.09553482e-02, -1.40338540e-02, 3.90198492e-02, -3.41418153e-03,
       -2.59581115e-03, 6.69289604e-02, 5.06270975e-02, -2.25284509e-02,
       3.20086665e-02, 5.60960360e-02, 5.32100238e-02, 4.40875627e-03,
       -2.70577278e-02, -2.93878932e-02, 4.38215472e-02, 2.44089793e-02,
       -7.22843409e-02, 4.14352939e-02, -5.23617631e-03, 5.80893969e-03,
       2.06183568e-02, -6.56331703e-03, 6.57811807e-03, 3.99016179e-02,
       -1.30256623e-01, -6.55422825e-03, -3.99489775e-02,
       -9.97435581e-03, 1.82550848e-02, 7.63990730e-02, 2.20826524e-03,
       2.92402711e-02, -3.52764577e-02, 1.44324666e-02, 1.36098163e-02,
       -6.86327415e-03, -1.26703203e-01, -8.85967910e-03, 5.36417887e-02,
       7.01818243e-02, -1.27558596e-02, -7.38020167e-02, -1.99430827e-02,
       5.91690838e-02, -1.01479348e-02, -1.07152443e-02, -1.90653894e-02,
       3.43049355e-02, 1.26981586e-02, 2.16121618e-02, -5.89933321e-02,
       -3.98493139e-03, -3.05879563e-02, -7.12678283e-02,
       -2.54867636e-02, -4.36232872e-02, -1.97229329e-02, 4.47311476e-02,
       -6.36155009e-02, -3.21947820e-02, 2.83503830e-02, 1.30003132e-02,
       -7.17664091e-03, -3.21283452e-02, -5.77371344e-02, 4.32354696e-02,
       1.22448104e-02, -2.17018602e-03, -4.08438444e-02, 1.79569125e-02,
       -5.53002255e-03, -2.68456666e-03, 5.82842864e-02, 2.76361722e-02,
       -5.76630086e-02, -4.45699804e-02, 3.82114574e-02, 3.42432447e-02,
       -1.28750084e-03, -1.57169327e-02, -6.92533106e-02,
       -4.08891141e-02, 7.96529930e-03, -5.23771159e-02, 2.22152323e-02,
       8.31822306e-02, 1.32400531e-03, -1.37482281e-03, -6.05929978e-02,
       7.10340515e-02, -2.59827320e-02, 1.38987973e-02, -6.10387474e-02,
       7.30902255e-02, -1.25121856e-02, -1.51948584e-02, -5.67949638e-02,
       5.63571714e-02, -2.90271472e-02, -4.05150019e-02, 3.38755138e-02,
       2.97741629e-02, 2.71854596e-03, 1.38377734e-02, -1.30296247e-02,
       8.09548539e-04, 1.64842140e-02, -8.04308355e-02, -2.66968627e-02,
       1.34058641e-02, 1.32372417e-02, 4.91982363e-02, -2.24221554e-02,
       -3.53366658e-02, 5.53251244e-02, 3.69215980e-02, -2.52093244e-02,
       3.19476686e-02, -3.96706723e-02, -4.63001281e-02, -2.55821496e-02,
       4.04204428e-02, 7.46711865e-02, -4.16528806e-02, 4.07596901e-02,
       4.83176671e-02, 2.31243949e-02, 5.53646870e-02, -4.04795371e-02,
       -1.92666072e-02, 5.28340461e-03, -1.76148769e-02, 3.91915925e-02,
       -1.20056346e-02, 2.21733586e-03, -5.02418764e-02, -1.80258919e-02,
       7.26919947e-03, -2.63389247e-03, 5.80288507e-02, -2.77123954e-02,
       2.53723711e-02, 1.49988560e-02, -2.21947785e-02, 2.79186331e-02,
       -7.22894296e-02, 4.53553833e-02, 1.62283573e-02, 1.32608622e-01,
       -4.06470485e-02, -1.42868413e-02, 4.42606099e-02, -1.33716688e-02,
       -1.13347815e-02, -1.84062663e-02, -1.22452248e-02,
       -6.07858077e-02, 3.94198671e-02, 6.64068237e-02, 5.07443286e-02,
       -2.52384637e-02, -2.32727895e-03, -6.92156404e-02, 3.94254290e-02,
       4.84005082e-03, 2.16139629e-02, -3.91508266e-03, -1.86278392e-03,
       -8.12741369e-02, 3.42621515e-03, -1.40881529e-02, 6.02661669e-02,
       -8.32795948e-02, 5.12998514e-02, 1.82906948e-02, 2.04409938e-02,
       -8.74637663e-02, 5.54649085e-02, 5.34707271e-02, -5.31777665e-02,
       1.26368357e-02, -4.76371571e-02, 1.04637900e-02, -1.57161057e-02,
       3.99284624e-02, 4.18842770e-02, 2.22756877e-03, -5.99416997e-03,
       -3.39694833e-03, -5.37453219e-03, -1.43581759e-02,
       -8.05143383e-04, 2.77451593e-02, 4.30654809e-02, 1.27067491e-01,
       -3.14465612e-02, 1.80268940e-02, -7.65302277e-04, 1.25471735e-02,
       -1.52902519e-02, -3.39951850e-02, -1.30148605e-02,
       -3.81341130e-02, -5.92036769e-02, -1.19681563e-03, 4.88451961e-03,
       5.92380092e-02, -1.07410178e-02, -4.39943261e-02, 1.80075150e-02,
       5.58301695e-02, -2.12205220e-02, -4.01353240e-02, 9.23610926e-02,
       -9.28623043e-03, 6.16603792e-02, 1.83854494e-02, -3.78203206e-02,
       -1.84387062e-03, -9.06307772e-02, -9.30791628e-03, 4.49652225e-02,
       3.88960466e-02, 2.65073460e-02, -5.35992458e-02, 5.09170443e-03,
       -1.64321084e-02, 3.23355664e-03, -3.87650020e-02, 4.64113653e-02,
       -3.07851266e-02, -1.19852070e-02, 5.64909680e-03, 1.10100791e-01,
       6.56442568e-02, 2.99956370e-02, -2.13964228e-02, 3.63193080e-02,
       3.28737982e-02, 2.79792529e-02, 8.10106471e-02, -2.71510854e-02,
       1.05391420e-01, 4.16841134e-02, 3.97361219e-02, -1.29276028e-04,
       3.11569758e-02, 1.86646041e-02, -4.14278209e-02, 1.99158303e-03,
       -2.45085582e-02, 9.92394015e-02, 3.13988887e-02, 5.63556999e-02,
       -1.01148039e-01, 4.28007357e-03, 2.93102209e-02, -1.30894303e-03,
       1.06953597e-02, 2.27818359e-02, -1.49203641e-02, -1.61151160e-02,
       1.21760340e-02, -1.47191053e-02, 1.97845157e-02, 6.30217511e-03,
       5.39101996e-02, -3.14754285e-02, 5.30822128e-02, 4.62587997e-02,
       -5.85260056e-02, 7.03676790e-02, -2.08937451e-02, -1.33530917e-02,
       1.36819901e-02, -1.54340267e-02, 3.07226721e-02, -1.60916410e-02,
       4.14130837e-02, 3.67241986e-02, -4.65659983e-03, 1.31316055e-02,
       4.46013920e-02, 5.24422750e-02, -6.27980158e-02, -4.11017463e-02,
       2.43112165e-02, -2.68848240e-02, 1.12544127e-01, -1.80825219e-02,
       7.07570016e-02, -1.34015782e-02, -1.53586520e-02, 9.87389125e-03,
       1.17042840e-01, -5.58960140e-02, -5.48599772e-02, -5.38735278e-02,
       -4.43525054e-03, -5.10868244e-02, 3.45117238e-04, 1.33344764e-02,
       9.10877250e-03, 1.21493367e-02, 6.91851676e-02, -1.40467182e-01,
       -4.90788221e-02, -9.32092778e-03, 9.22946353e-03, 7.59097975e-06,
       -1.93325914e-02, 1.32637508e-02, 6.06903480e-03, -2.57823174e-03,
       2.26498656e-02, -3.94455902e-02, 4.74459119e-02, -2.10408820e-03,
       -1.17582642e-02, -4.68490906e-02, -7.66313523e-02,
       -6.30826177e-03, -7.46473158e-03, -6.45568892e-02, 2.23673284e-02,
       1.02572795e-03, 8.32500458e-02, -2.59831045e-02, -2.35028584e-02,
       1.36035057e-02, 2.27713287e-02, -2.78552324e-02, 4.45553251e-02,
       -5.10549545e-02, -5.14354324e-04, 3.82806011e-03, -1.26763865e-01,
       -5.68239857e-03, 2.04824358e-02, -3.63762267e-02, -2.14462858e-02,
       4.94970642e-02, 3.25579382e-02, 1.37383351e-02, 2.88801901e-02,
       3.35202441e-02, -5.90694416e-03, -1.06962092e-01, -1.28656596e-01,
       3.61889526e-02, 1.76273927e-03, 2.84537463e-03, 1.32993814e-02,
       -7.85822514e-03, -2.68784333e-02, -7.13098347e-02,
       -5.16757220e-02, -2.07043253e-02, -1.21246055e-02,
       -6.22927472e-02, 6.37604808e-03, -8.49165171e-02, 4.14222106e-02,
       4.00350541e-02, -2.86071356e-02, -1.94640346e-02, 3.33600938e-02,
       5.16906008e-02, -3.56057771e-02, 3.86404432e-02, 3.97320129e-02,
       2.62198932e-02, -6.93919212e-02, -5.68479253e-03, -6.55584112e-02,
       3.27522196e-02, -6.46754503e-02, -2.70495899e-02, 9.02851596e-02,
       5.56934178e-02, -2.07970496e-02, 1.08871311e-02, 1.02531547e-02,
       7.48527497e-02, 1.32991672e-02, 4.80220579e-02, -5.67796379e-02,
       3.83937657e-02, -3.57165933e-02, 6.68137148e-02, -4.09329357e-03,
       -2.04144958e-02, 5.39527945e-02, -2.14398820e-02, 2.43089981e-02,
       3.24829668e-02, 4.86287102e-02, 3.16977575e-02, 1.10285193e-01,
       3.00523024e-02, -9.63215083e-02, 1.16880741e-02, 1.03010181e-02,
       -3.84379597e-03, -4.43291329e-02, 3.20489369e-02, 2.47734822e-02,
