%YAML:1.0
---
matrix: !!opencv-matrix
   rows: 1
   cols: 512
   dt: f
   data: [ 5.87262353e-03, -3.52385528e-02, -2.83468645e-02,
       -1.53213637e-02, -6.43699383e-03, -2.18136255e-02, 5.64844394e-03,
       2.27113497e-02, -5.14529310e-02, 5.47794737e-02, 2.88161114e-02,
       -6.45847246e-02, 6.61900863e-02, -1.86175648e-02, 8.87961127e-03,
       4.28613015e-02, -5.99879026e-03, -1.66426890e-03, 2.10948419e-02,
       4.54431362e-02, 5.54713868e-02, 7.99623691e-03, -4.21384256e-03,
       1.28244404e-02, -2.70614829e-02, 7.77365081e-03, -4.07886542e-02,
       1.96838696e-02, -3.65112256e-03, 7.09983259e-02, 4.99654561e-02,
       7.30468258e-02, -3.89042161e-02, 1.34527432e-02, -2.77231410e-02,
       1.56590412e-03, -5.10592274e-02, 6.67902380e-02, -1.04775637e-01,
       7.10555119e-03, -1.27067976e-02, 7.11983675e-03, 5.31755574e-03,
       5.41931279e-02, 7.21224323e-02, -4.11873125e-02, -6.17756620e-02,
       2.94462238e-02, -1.47743514e-02, -4.92221378e-02, -4.24867496e-02,
       6.74376860e-02, 4.35988531e-02, 5.78166023e-02, 2.67190440e-03,
       3.08876634e-02, 5.78620890e-03, 2.95994747e-02, -7.91681185e-02,
       2.10987702e-02, -1.99144799e-02, -2.11658385e-02, -4.80411798e-02,
       7.64343217e-02, 4.66220081e-02, -1.56032741e-01, -1.66274905e-02,
       2.21705493e-02, -1.78566445e-02, 1.67818423e-02, -3.67978998e-02,
       -2.31585912e-02, -7.35046864e-02, 1.95561219e-02, -1.61646283e-04,
       -2.06562486e-02, -1.18001318e-02, -7.45295733e-02, 7.59668574e-02,
       -6.42617270e-02, -4.49496731e-02, -2.18296051e-02,
       -9.45669506e-03, 4.80530374e-02, -9.08504985e-03, -2.73784380e-02,
       1.82321994e-03, -1.52960801e-02, -3.03250761e-03, 1.42549397e-04,
       3.22474726e-02, -4.87955660e-02, -6.30639819e-03, 6.50237827e-03,
       3.25999036e-02, -2.02490501e-02, -9.72933546e-02, 2.79108714e-02,
       1.52664538e-02, 5.13741560e-02, 4.39649895e-02, 4.80191223e-02,
       -4.44467878e-03, 2.43128464e-02, -1.44399898e-02, -1.34268468e-02,
       -2.43729749e-03, 4.35351916e-02, 2.22990960e-02, -4.70179915e-02,
       1.05096996e-02, -3.15813720e-02, 9.45430808e-03, -5.78265898e-02,
       2.56859232e-02, -1.26436669e-02, -2.35072449e-02, -8.26310515e-02,
       -4.32923995e-02, 7.25850230e-03, -1.74580067e-02, -4.09713797e-02,
       -3.18714902e-02, 5.43419756e-02, 3.06903776e-02, -4.97249477e-02,
       1.11361761e-02, 1.49044506e-02, -1.07445061e-01, 1.88823249e-02,
       2.84254439e-02, 1.14164557e-02, -2.52574161e-02, 1.45683950e-02,
       7.92826992e-03, -1.02146894e-01, -5.96408285e-02, 1.59649793e-02,
       1.75601505e-02, -3.93088199e-02, -2.15755273e-02, -2.78825592e-02,
       2.00190246e-02, 3.38739827e-02, -2.02975962e-02, -1.10308349e-01,
       -3.27427834e-02, 4.62326966e-02, 3.36848907e-02, -3.78459506e-02,
       -8.03141296e-02, 5.03937900e-03, 5.38712135e-03, -4.51818965e-02,
       3.38676386e-02, 2.39442419e-02, 4.67122113e-03, 5.17438687e-02,
       -1.28325671e-02, -2.45364923e-02, -2.66380031e-02,
       -2.79318099e-03, 7.30145574e-02, 4.01985347e-02, 2.49525812e-02,
       -6.03803657e-02, 3.72624844e-02, -5.21998145e-02, 1.49239181e-02,
       4.16825106e-03, 2.40879320e-02, 4.51054052e-03, -1.42898001e-02,
       6.40053675e-02, 8.01156983e-02, -6.22971207e-02, 3.08098011e-02,
       -4.28588279e-02, -1.37502570e-02, -4.49680835e-02, 2.38177162e-02,
       -1.58896185e-02, 3.39852162e-02, -1.76632199e-02, -3.57852541e-02,
       -8.16418529e-02, -1.73950642e-02, 5.63341044e-02, -9.64894332e-03,
       2.20023356e-02, 5.14044538e-02, -2.53720172e-02, -4.78876308e-02,
       -2.45282929e-02, 5.02534322e-02, -3.98530588e-02, 8.96064192e-02,
       -2.85086334e-02, -1.11897208e-01, -8.34770203e-02, 7.32915848e-02,
       -3.01352553e-02, 7.23283291e-02, -3.41619132e-03, 1.54623678e-02,
       3.21718417e-02, -3.75794917e-02, -1.55702438e-02, -1.71536449e-02,
       -1.18748443e-02, -5.01007028e-02, -3.46584171e-02, 6.17233701e-02,
       1.95532497e-02, -1.33664571e-02, 4.49009500e-02, -1.30072078e-02,
       -1.30344005e-02, -2.33063251e-02, -3.80784944e-02, 4.34459336e-02,
       -8.19456205e-02, -5.46560362e-02, 6.44490719e-02, -7.80273527e-02,
       -1.06462436e-02, 1.08212627e-01, -4.36643213e-02, -3.38498913e-02,
       1.91060621e-02, -3.61148380e-02, 1.34221213e-02, 5.74943423e-02,
       -5.25089875e-02, -9.19639890e-04, 4.27481122e-02, -6.85922131e-02,
       9.11610425e-02, 1.74932703e-02, -7.92372152e-02, -4.56751175e-02,
       4.64746379e-04, 1.74345113e-02, -4.69469354e-02, -1.07748643e-03,
       -7.16772228e-02, 3.14464681e-02, 5.20983748e-02, 3.98084847e-03,
       -5.40641919e-02, 4.13263589e-02, 4.32530791e-02, -1.01345647e-02,
       3.68742645e-02, 3.71075049e-02, -1.25756916e-02, -3.20851170e-02,
       -8.30257013e-02, -5.41487746e-02, 2.02235300e-02, 9.74202976e-02,
       -5.65138226e-03, -8.06083605e-02, 6.18484281e-02, -1.04724606e-02,
       -2.90970248e-03, -4.00581546e-02, 1.07134514e-01, -1.47594651e-02,
       3.48208323e-02, 5.28450795e-02, 4.55985442e-02, -3.17206904e-02,
       7.10704103e-02, 1.47381946e-02, 7.34867379e-02, -4.12461646e-02,
       -2.29065660e-02, -1.38471154e-02, -2.60938071e-02, 7.85096437e-02,
       8.86950195e-02, 1.98374633e-02, 5.28577678e-02, -3.76603864e-02,
       -1.06630018e-02, 8.67236033e-03, -2.28426941e-02, -2.04404127e-02,
       3.57836783e-02, -4.14653048e-02, -4.65463698e-02, 6.95832521e-02,
       -3.71623151e-02, -6.23062029e-02, 7.40018766e-03, -6.61266595e-02,
       -2.91548502e-02, 8.08528364e-02, -7.43210455e-03, 2.51630954e-02,
       1.21132554e-02, 8.45010579e-02, -3.31197679e-02, 5.18840589e-02,
       -1.83818918e-02, 6.34770561e-03, -5.31524085e-02, 5.30349612e-02,
       -1.94926914e-02, 6.69457614e-02, -1.86456703e-02, -7.45593309e-02,
       3.83420736e-02, 2.15319674e-02, 5.15170507e-02, 7.90584981e-02,
       4.14759703e-02, -1.07642561e-02, 2.55883336e-02, 6.97035640e-02,
       -4.94445041e-02, 3.17471521e-03, 7.75617082e-03, -3.21733649e-03,
       -2.86760796e-02, -2.07763743e-02, -4.40981472e-03,
       -1.53701836e-02, 6.05090521e-03, 9.23620015e-02, 1.92390867e-02,
       -3.42288688e-02, 1.06521780e-02, 1.06941769e-02, -6.87793409e-03,
       -1.34806642e-02, -1.41517874e-02, -6.21230565e-02,
       -1.53301749e-03, 7.77308792e-02, -3.63420174e-02, 3.41594256e-02,
       -1.50906006e-02, -1.51573326e-02, 1.80468727e-02, 1.09277749e-02,
       3.68483923e-02, -6.75665773e-03, 2.27513108e-02, -5.11522498e-03,
       -6.65753409e-02, -5.43554202e-02, 4.15434539e-02, 3.37589991e-05,
       1.14406705e-01, -2.01955028e-02, 5.74148493e-04, 3.42643610e-03,
       3.77950892e-02, 2.90507283e-02, 4.05255035e-02, 6.47325476e-04,
       -4.21441272e-02, 3.51880700e-03, -6.90541603e-03, 4.69315536e-02,
       1.82553958e-02, -1.18426615e-02, 1.01344436e-01, -4.21615168e-02,
       3.94616649e-02, 5.41245230e-02, 3.75940874e-02, -4.24048156e-02,
       1.43886004e-02, 3.88056599e-02, 4.44116187e-04, 9.51952301e-03,
       -4.31757160e-02, 6.83915690e-02, 1.41809471e-02, 7.85848722e-02,
       6.32974878e-02, 1.70690343e-02, 3.26604620e-02, -5.58167025e-02,
       -2.90334299e-02, -9.87394527e-02, -1.87085345e-02,
       -1.63267981e-02, -2.29944587e-02, 1.02017321e-01, 6.59405813e-02,
       -1.73265114e-03, 4.85543609e-02, 2.05031577e-02, 1.24441795e-02,
       6.75293058e-02, 8.81760661e-03, 5.71955480e-02, 1.75806228e-02,
       6.24313802e-02, 2.35178028e-04, -1.38830878e-02, 5.21408804e-02,
       -4.72342558e-02, 7.13891685e-02, 1.79508962e-02, 7.93063864e-02,
       -1.06362514e-01, -3.06432359e-02, -3.02274656e-02, 3.32400650e-02,
       7.63268471e-02, -4.68023345e-02, 1.77580453e-02, 2.79340204e-02,
       1.10659818e-03, -4.16138768e-02, 7.76638314e-02, -4.19088863e-02,
       2.37490367e-02, 3.63783948e-02, 5.03894920e-03, -5.23998179e-02,
       -2.05281209e-02, -2.75136214e-02, 1.52769331e-02, -4.18457948e-02,
       5.94631098e-02, 1.17042763e-02, 3.26827541e-02, -1.44757377e-02,
