%YAML:1.0
---
matrix: !!opencv-matrix
   rows: 1
   cols: 512
   dt: f
   data: [ 1.99185479e-02, 1.91267412e-02, -7.45640546e-02,
       4.31017689e-02, -1.22144250e-02, -5.09966612e-02, -6.21136539e-02,
       -4.34139483e-02, 6.36353251e-03, -8.40612203e-02, 2.11533601e-03,
       4.96342257e-02, 6.34047613e-02, -7.50991330e-03, -2.47996058e-02,
       -2.02903114e-02, -4.30982262e-02, -4.45059501e-02, 5.15694544e-02,
       1.90450884e-02, -1.66434050e-02, 8.52080062e-03, -5.86573929e-02,
       -1.35719469e-02, -1.89708471e-02, 1.06476736e-03, -3.30229737e-02,
       7.80714955e-03, -4.54040952e-02, 2.02290826e-02, 2.05285009e-02,
       -3.98869738e-02, 5.89030720e-02, -8.72064158e-02, 2.51136404e-02,
       -8.33733380e-03, -2.93628238e-02, -8.70486125e-02,
       -4.79907990e-02, -1.99656636e-02, 1.78576224e-02, 1.39795598e-02,
       -3.43726799e-02, -4.86520603e-02, -5.65513149e-02, 7.97164142e-02,
       -3.72550339e-02, -2.90211681e-02, 4.74538617e-02, 5.51936179e-02,
       -2.52723675e-02, -9.92195401e-03, 3.56070511e-02, 4.92425915e-03,
       -2.01327167e-02, 1.45892641e-02, 3.32618617e-02, 4.83726487e-02,
       -2.55029816e-02, -5.98807707e-02, 2.92849890e-03, 3.72836366e-02,
       -6.69782534e-02, -7.01459795e-02, 4.74421605e-02, -3.88503298e-02,
       -1.28169395e-02, 7.76447123e-03, -1.77721847e-02, -7.53494650e-02,
       5.84745314e-03, -7.43309222e-03, -1.27255276e-03, 4.00263928e-02,
       6.72848001e-02, -1.25763649e-02, -7.51223937e-02, -4.39397357e-02,
       -2.00045928e-02, -3.88714522e-02, -6.50881454e-02,
       -3.30602448e-03, -8.60803202e-03, -8.29477608e-02,
       -4.57549915e-02, -3.14290524e-02, 3.99662852e-02, 6.17552400e-02,
       3.92279401e-02, 5.81823848e-02, 2.03189179e-02, 7.31992945e-02,
       -2.09032744e-02, -2.63167080e-02, -1.57865565e-02, 2.26529432e-03,
       -1.47228893e-02, -1.81209520e-02, -7.38697276e-02,
       -7.50584006e-02, 2.21633483e-02, 2.01603808e-02, -1.15554491e-02,
       -3.95266265e-02, 7.04742689e-03, 7.73765892e-02, 6.48257136e-02,
       -1.25784233e-01, 3.62216309e-02, 5.62154837e-02, 1.34082049e-01,
       -4.01198380e-02, -1.21122207e-02, 7.21713975e-02, -5.78746311e-02,
       -2.22653039e-02, -1.61958076e-02, 4.48280908e-02, -4.76637706e-02,
       -8.37711617e-02, 5.86436689e-02, -2.73197945e-02, -6.88622147e-02,
       3.84165929e-03, -1.19844601e-02, 1.96142979e-02, 4.71769646e-02,
       9.21311043e-03, 5.43747842e-02, 1.61316358e-02, 3.40728536e-02,
       7.17410371e-02, 3.94421257e-03, -6.83891063e-04, 9.95755941e-02,
       3.18075307e-02, -4.64430228e-02, 1.45217292e-02, -1.04392674e-02,
       -6.56532720e-02, 1.47629958e-02, -9.86015424e-03, -5.13188355e-02,
       6.86229542e-02, -2.90522561e-03, 1.98137779e-02, 3.03953439e-02,
       1.25327818e-02, 5.95544977e-03, -7.46062770e-02, 3.28646488e-02,
       1.49582755e-02, -9.30644758e-03, -2.41539301e-03, 4.42259982e-02,
       4.58188690e-02, 2.33970750e-02, -5.23535311e-02, 2.16022972e-02,
       -3.91007103e-02, -6.79558329e-03, -5.49556650e-02, 4.18497324e-02,
       -1.56705603e-02, -6.46503270e-02, -5.97844794e-02,
       -6.62653670e-02, -2.79384032e-02, 3.24056186e-02, -1.48900049e-02,
       3.57947499e-02, -5.21801263e-02, -3.57813598e-03, -5.34094591e-03,
       -2.26291455e-02, 1.04391873e-01, -7.17789531e-02, -1.62389432e-03,
       7.07862759e-03, 1.84436347e-02, -3.04902382e-02, 5.80341071e-02,
       8.10912177e-02, 5.31535931e-02, -6.11668751e-02, 3.60948518e-02,
       -8.37696530e-03, -5.48281036e-02, -4.87715378e-02,
       -4.94320914e-02, 5.04822098e-03, -8.51672329e-03, 4.22802847e-03,
       -5.83950616e-02, -2.54777558e-02, 1.44487470e-02, 4.67359610e-02,
       -8.57412666e-02, 9.27548739e-04, -9.05847922e-02, -5.99410273e-02,
       5.24418354e-02, 2.16362718e-02, 5.18297032e-02, 1.05509251e-01,
       1.21045768e-01, -7.53583154e-03, -5.46322875e-02, -7.72397891e-02,
       1.48253497e-02, 6.87725544e-02, 3.53652537e-02, 1.48263266e-02,
       4.00809534e-02, -8.84478446e-03, 4.81851213e-02, 1.85081437e-02,
       6.06481433e-02, 9.73692536e-03, -3.43195274e-02, 1.22403791e-02,
       -5.60579561e-02, 8.15693736e-02, -3.95089500e-02, -3.86851020e-02,
       5.90050826e-04, 2.00393256e-02, 5.22439741e-02, -6.73744362e-03,
       7.28446022e-02, -9.20518115e-02, 3.01035214e-02, 3.72181050e-02,
       3.52081805e-02, 2.27465443e-02, -2.91486643e-02, 2.21994724e-02,
       -1.57885365e-02, 2.20013689e-02, 1.19179934e-02, 1.01253185e-02,
       1.48757491e-02, 3.27403843e-02, 7.04599395e-02, 5.12872003e-02,
       -1.03471763e-01, -3.98607664e-02, 3.24659050e-02, 6.03123829e-02,
       -1.89247131e-02, 3.06238811e-02, 5.21222278e-02, -1.77434611e-03,
       -5.60625531e-02, -2.75534056e-02, -1.40256845e-04,
       -5.79397678e-02, 6.28287047e-02, 2.46180166e-02, 6.99034519e-03,
       8.82803090e-03, 3.33064571e-02, 1.13471737e-02, -2.85657160e-02,
       -3.36115882e-02, 1.93852652e-02, -1.02907605e-01, 2.09787581e-02,
       7.60621428e-02, 2.44725011e-02, 1.80478413e-02, 8.82150605e-03,
       -4.12327014e-02, -2.75421441e-02, -3.66143323e-02, 3.49545968e-03,
       4.23049293e-02, -3.63361761e-02, 2.72278003e-02, 3.70270647e-02,
       -2.75398791e-02, -1.42162926e-02, -4.00754325e-02,
       -2.53906883e-02, -4.11094874e-02, -1.20846815e-02,
       -4.77419496e-02, 5.29852249e-02, 1.50934216e-02, -3.00167184e-02,
       8.37878324e-03, 4.04743291e-02, -2.22264603e-02, 2.93052197e-02,
       7.83413649e-03, -1.05810845e-02, -2.09219754e-02, 1.79522522e-02,
       2.23362241e-02, 1.16714379e-02, -4.24065851e-02, 1.15550412e-02,
       -4.12707105e-02, -2.63503585e-02, 2.05107275e-02, -1.78150106e-02,
       6.01714030e-02, 6.15865253e-02, -3.60451341e-02, 1.51623068e-02,
       1.19687356e-02, -5.30623943e-02, 3.76372016e-03, 7.11199418e-02,
       4.49375957e-02, -1.93967335e-02, -4.84802611e-02, -3.57714109e-02,
       -1.35862142e-01, 3.21271718e-02, -2.77375057e-02, 4.51230295e-02,
       -5.23616336e-02, 8.61052945e-02, 4.77675907e-02, 2.16254871e-02,
       -3.50721627e-02, -3.97296511e-02, 2.85062171e-03, -1.64226368e-02,
       6.30348250e-02, 3.15003321e-02, -6.89091021e-03, -4.63473015e-02,
       3.45091186e-02, -5.43934926e-02, 6.95476532e-02, 1.84964314e-02,
       -4.93861511e-02, 4.29156795e-02, -5.42128980e-02, -9.88698285e-03,
       -7.09429616e-03, 1.70966387e-02, 4.67274524e-02, 2.21690517e-02,
       6.64981408e-03, 9.77675989e-03, -3.49840932e-02, 4.36434224e-02,
       5.31987958e-02, -2.11280864e-02, -5.33004431e-03, -4.62738378e-03,
       5.68344351e-03, 7.98228569e-03, 9.60858092e-02, 1.54278707e-03,
       -9.98846442e-03, 1.48621062e-02, -2.80848239e-03, -1.30660608e-02,
       6.56964332e-02, -8.23714510e-02, -5.28916195e-02, -4.54612672e-02,
       1.87315978e-02, -8.50331560e-02, 7.01039955e-02, 1.51455384e-02,
       8.69972631e-03, 2.48424467e-02, -4.25652228e-02, 5.94979851e-03,
       -2.15660166e-02, 9.06472560e-03, 1.32943001e-02, -3.21993418e-02,
       -2.48444397e-02, -2.78489999e-02, -5.28739952e-02,
       -7.00351149e-02, -1.99666270e-03, 1.88928843e-02, -9.03624371e-02,
       1.03637338e-01, -1.28911929e-02, 3.37728670e-05, -1.60097722e-02,
       -5.59988953e-02, -2.72231903e-02, -5.45765609e-02,
       -3.98434885e-02, -3.38795856e-02, -1.98105220e-02, 8.50986391e-02,
       -3.46679352e-02, -4.39736918e-02, 1.67303383e-02, 1.04864098e-01,
       -2.20121033e-02, 2.04794016e-02, -1.05738342e-02, 2.16165949e-02,
       5.92013495e-03, 5.88998385e-02, -9.43325646e-03, -3.97661421e-03,
       6.03394955e-02, -1.97691452e-02, -2.64987592e-02, -9.34551284e-03,
       3.93666402e-02, -3.62046733e-02, 1.25037599e-03, -1.41372299e-02,
       3.88961239e-03, 1.56530794e-02, 6.45808801e-02, -4.64818962e-02,
       -2.54514161e-02, 2.87166107e-02, -1.00561500e-01, 1.70376133e-02,
       5.67734009e-03, 3.32156420e-02, 4.84832795e-03, -5.11920936e-02,
       -5.41221164e-02, -1.05952090e-02, -2.82846801e-02,
