%YAML:1.0
---
matrix: !!opencv-matrix
   rows: 1
   cols: 512
   dt: f
   data: [ -6.49547651e-02, 3.52149382e-02, 8.01036786e-03,
       -8.04183483e-02, 5.55108041e-02, -1.23974971e-01, -1.83879696e-02,
       4.06842902e-02, 5.75755686e-02, -6.76613301e-02, 3.12356576e-02,
       3.86006292e-03, 2.06198692e-02, -7.18957484e-02, -5.20110782e-03,
       4.65263166e-02, -2.58547347e-02, -2.72673965e-02, 3.73491310e-02,
       -4.25616018e-02, 6.31418303e-02, -9.55076423e-03, -1.18412552e-02,
       6.62136674e-02, 4.57588164e-03, -3.62931378e-02, 2.96427608e-02,
       -4.73218784e-03, 2.96764774e-03, 5.68725448e-03, 2.97022238e-02,
       1.08643370e-02, -3.67151275e-02, -7.55889639e-02, 3.25013287e-02,
       3.11549641e-02, -3.11935488e-02, -5.42440284e-05, -4.64004576e-02,
       3.78591232e-02, 2.26375815e-02, -7.84598738e-02, -1.61547083e-02,
       3.28917541e-02, 6.47194907e-02, 5.94909415e-02, -8.79093166e-03,
       -6.87927194e-03, 3.56963053e-02, 7.43281655e-03, -5.95771968e-02,
       3.38161252e-02, 1.76325850e-02, 4.29209210e-02, -3.84235419e-02,
       -7.92307779e-03, 9.74186286e-02, 4.55288626e-02, -7.62237683e-02,
       8.77594762e-03, 2.98658479e-03, 3.42674665e-02, -6.39559403e-02,
       -3.52690765e-03, 3.54981907e-02, -3.04294452e-02, -1.37721095e-03,
       -1.61450841e-02, -4.63946117e-03, 3.14610675e-02, -1.84077732e-02,
       -6.08221404e-02, 2.24419008e-03, -2.29043290e-02, -3.42434980e-02,
       1.33305378e-02, -4.71683852e-02, -3.46614085e-02, 3.32179926e-02,
       -3.76601331e-02, -1.98157392e-02, -6.87626824e-02,
       -1.57276690e-02, 2.71972306e-02, -6.57474622e-02, -4.17781733e-02,
       -6.30744249e-02, -7.11850151e-02, 1.14292447e-02, -4.64320974e-03,
       3.40863802e-02, -6.48155734e-02, 2.25729980e-02, 2.22831927e-02,
       -1.54783064e-02, 3.07681970e-02, 1.33390268e-02, -4.06078249e-02,
       -5.46694323e-02, 3.01710907e-02, -2.22212486e-02, -4.30630296e-02,
       -9.36213806e-02, -2.42232811e-02, 6.72411174e-02, -2.91014574e-02,
       -6.00447245e-02, 3.23744584e-03, 5.48958145e-02, 9.90230218e-03,
       8.02558009e-03, -1.99208912e-02, 1.40338344e-02, 1.28500499e-02,
       -2.35523935e-02, -3.66024822e-02, -3.05102393e-02,
       -5.54958619e-02, 6.19773567e-02, 1.89475287e-02, -3.13046644e-03,
       -5.66835403e-02, 2.61490364e-02, -2.51215193e-02, 7.34502962e-03,
       2.95478478e-02, -1.21550992e-01, 2.63020359e-02, -3.35168466e-02,
       -4.27295417e-02, 4.80444320e-02, 5.65425865e-02, -5.30481674e-02,
       -7.84402192e-02, -3.59396376e-02, 1.32994503e-02, -1.50846401e-02,
       -4.27668765e-02, 6.79726377e-02, -5.98240085e-02, 2.94544231e-02,
       1.81395374e-02, -5.11172088e-03, 2.16637962e-02, 5.52714691e-02,
       5.85541734e-03, -9.05223191e-03, 4.89606149e-03, 2.65730675e-02,
       2.54379343e-02, -6.26889020e-02, -2.15853583e-02, -1.59892458e-02,
       1.08283588e-04, 2.83239353e-02, 4.35176119e-02, -4.95209657e-02,
       7.58548826e-02, 5.24278618e-02, -2.93777436e-02, 4.01603915e-02,
       -1.10501871e-02, 3.16376612e-02, 2.79707294e-02, 4.28378694e-02,
       5.41195311e-02, 5.50652221e-02, -4.10469510e-02, -9.90155246e-03,
       -2.17389818e-02, -4.38806973e-03, -3.78999412e-02, 3.52800786e-02,
       2.47481316e-02, -3.41731422e-02, -2.58858781e-02, 2.50730105e-02,
       -4.39226180e-02, 1.53350262e-02, -2.61308420e-02, 8.06059241e-02,
       -4.58480343e-02, -4.23785485e-02, 1.99140795e-02, -1.00547507e-01,
       2.25724224e-02, -4.36411425e-02, -5.09845838e-02, -1.09620132e-01,
       -4.08141781e-03, -4.63039353e-02, -1.31420903e-02,
       -2.24463884e-02, 5.22149131e-02, 3.63805182e-02, -1.44746089e-02,
       -6.58863485e-02, 5.43801300e-02, -3.02240495e-02, 1.88702997e-02,
       -3.70871997e-03, -4.82678041e-02, -2.96156015e-03,
       -2.33198632e-04, 3.97332609e-02, -1.04116267e-02, 2.40537412e-02,
       -6.17656074e-02, -6.61475062e-02, 2.55151261e-02, 8.70949253e-02,
       -3.65708582e-02, 7.20698340e-03, -3.09848394e-02, -1.01769738e-01,
       9.02035162e-02, 3.49702090e-02, 1.25194089e-02, 3.33254635e-02,
       4.34127357e-03, 3.33978496e-02, -8.76086056e-02, 4.71126214e-02,
       -5.83783127e-02, -5.08043952e-02, 4.84193079e-02, 1.99348107e-02,
       -2.20631175e-02, 8.73226225e-02, -2.86204647e-02, -2.46365722e-02,
       5.98401353e-02, 1.98158454e-02, -2.53889412e-02, -5.95040098e-02,
       -4.01758701e-02, -1.63959549e-03, -2.56042685e-02, 5.84374703e-02,
       -7.84413517e-02, 3.36644612e-02, -1.21559460e-04, -5.60069382e-02,
       1.05460184e-02, -4.72396947e-02, -3.43505219e-02, 4.91104613e-04,
       -1.34318108e-02, -1.17054649e-01, -1.14618530e-02,
       -6.19212501e-02, -5.08478247e-02, -6.52262047e-02, 7.80707039e-03,
       -9.39537510e-02, -2.02856325e-02, -2.88500749e-02, 2.04335270e-03,
       7.02466816e-03, 3.61705129e-03, 6.80918321e-02, 3.14172953e-02,
       -3.44749168e-02, -5.78765012e-02, -7.55692720e-02,
       -3.16593563e-03, 4.39449633e-03, 4.80295531e-02, 1.35942092e-02,
       -7.95653090e-02, 2.99069397e-02, 1.16168093e-02, 7.32027972e-03,
       7.40457326e-02, -9.42792650e-03, 1.06085084e-01, 8.63949861e-03,
       -4.13435213e-02, -3.38765718e-02, -7.64812902e-03, 1.01445839e-02,
       3.54562774e-02, -8.58351216e-02, -2.85860687e-03, -7.93648735e-02,
       1.32305399e-02, 3.52683179e-02, -5.33603877e-02, 1.09159043e-02,
       -9.77135673e-02, -2.32567210e-02, -2.57658605e-02,
       -2.01630057e-03, -6.62795603e-02, -2.66439915e-02, 2.09429581e-02,
       -4.16752547e-02, 3.73530691e-03, 7.07224160e-02, -1.99335273e-02,
       4.02114866e-03, -2.69630849e-02, 3.09278816e-02, 4.56223544e-03,
       2.88656238e-03, 1.30668525e-02, 1.19362976e-02, 4.17207862e-04,
       1.15689151e-01, 4.99678291e-02, 5.18090390e-02, -5.51968850e-02,
       7.91590735e-02, 1.03965420e-02, 3.15030664e-02, 4.41864617e-02,
       7.70570710e-02, 4.97521795e-02, -9.11375415e-03, -1.07663209e-02,
       2.54287478e-03, -8.20193663e-02, -4.53131460e-02, -6.23061806e-02,
       -1.10129230e-02, -8.25705975e-02, -1.76958945e-02, 6.57527447e-02,
       4.86707687e-02, 1.18167559e-02, 3.50562595e-02, 4.45312560e-02,
       -1.14714995e-01, -3.49800624e-02, -2.96326354e-02, 3.54545079e-02,
       9.48021188e-04, 9.77456290e-03, -3.68539579e-02, -3.17119770e-02,
       -6.02798946e-02, 1.68754328e-02, 7.00359493e-02, -3.27444449e-02,
       -7.35475719e-02, 1.38991708e-02, 4.58123535e-03, 1.30992737e-02,
       -4.03104462e-02, -4.46808450e-02, -6.29208563e-03,
       -1.42721282e-02, -4.54452597e-02, 4.24304605e-02, 5.97398449e-03,
       6.01534210e-02, -4.13569100e-02, 7.14742253e-03, 1.56709980e-02,
       3.98697611e-03, 8.20725188e-02, -4.58496138e-02, -1.42211271e-02,
       -2.21413709e-02, 4.41979915e-02, -4.85546142e-02, 3.76305692e-02,
       2.79006977e-02, 4.14030328e-02, 6.62543848e-02, -1.36004593e-02,
       3.91046405e-02, -2.06244253e-02, 4.32814062e-02, 1.42534748e-02,
       -6.32578731e-02, 1.16998088e-02, -5.19647636e-02, -2.39638966e-02,
       -5.17450385e-02, -3.58237810e-02, -3.67911570e-02, 6.60338905e-03,
       2.55828593e-02, 1.48192439e-02, -4.06337157e-03, -6.16488010e-02,
       1.75972208e-02, -7.16029033e-02, 2.83490084e-02, 2.65497081e-02,
       1.05823986e-01, 7.74162821e-03, 6.65741833e-03, 1.14384042e-02,
       -1.56023018e-02, 7.64828771e-02, 1.23106018e-02, 3.54758203e-02,
       3.21535096e-02, 3.61526129e-03, 6.83146343e-02, 6.72433060e-03,
       7.94180203e-03, -2.03761701e-02, -7.10779205e-02, -3.74194346e-02,
       -4.80850600e-02, 3.30484807e-02, 3.74832045e-04, 6.15777522e-02,
       5.35810040e-03, -9.24718156e-02, -3.05827428e-02, -8.89575388e-03,
       -1.64848258e-04, -4.95066158e-02, 5.25327139e-02, 3.00683025e-02,
       -6.06911071e-02, 1.61844566e-02, -7.87605438e-03, 1.36472806e-02,
       5.30960597e-03, -2.75089238e-02, -1.00819208e-02, 2.40637567e-02,
       -1.00548297e-01, 3.11907716e-02, 3.28872688e-02, 7.25438371e-02,
