%YAML:1.0
---
matrix: !!opencv-matrix
   rows: 1
   cols: 512
   dt: f
   data: [ -3.51611525e-02, -6.34163916e-02, -6.76658750e-02,
       2.04251707e-02, 2.09870040e-02, -7.09117055e-02, 2.44814586e-02,
       -2.28731185e-02, -1.99153051e-02, 1.60909351e-02, -6.15400821e-03,
       -6.78118169e-02, -8.66217911e-03, 3.56717035e-02, 1.66892838e-02,
       -4.03139405e-02, 3.91410813e-02, -5.84388599e-02, -6.95525259e-02,
       4.95973378e-02, 4.93698604e-02, -1.12154486e-03, -2.20606830e-02,
       7.72858337e-02, -1.09035568e-02, 1.81107651e-02, -1.28388450e-01,
       8.36827159e-02, -1.34197446e-02, -1.00163771e-02, 2.64379270e-02,
       -6.24309527e-03, -3.19764111e-03, -3.64255458e-02, 6.28213119e-03,
       5.88382632e-02, 4.40374166e-02, 3.55662927e-02, 4.18718671e-03,
       -3.45790572e-02, 4.39358987e-02, -1.35076463e-01, -8.12268816e-03,
       2.08011717e-02, 2.22298298e-02, -1.69684533e-02, 6.25023544e-02,
       6.62316233e-02, -6.04140982e-02, -3.94651480e-02, -4.67973351e-02,
       -5.70323411e-03, -4.36812220e-03, 3.95451114e-02, 1.01688681e-02,
       -8.40836316e-02, 3.04520745e-02, 3.31323817e-02, 3.20433490e-02,
       -1.34586785e-02, -1.51304351e-02, 1.81882530e-02, -7.35620335e-02,
       2.61709490e-03, 3.04351654e-02, -4.52357680e-02, 6.83458447e-02,
       -7.03531951e-02, 5.35476357e-02, -3.44500951e-02, -1.82957128e-02,
       -1.27724232e-03, -9.38910991e-02, -2.56338362e-02,
       -8.65392238e-02, -2.42401734e-02, -1.16210170e-02,
       -3.51866856e-02, 3.67681980e-02, -8.50449689e-03, -3.25467763e-03,
       -1.70465484e-02, -2.57250238e-02, 1.33420024e-02, -6.04311861e-02,
       -1.21419854e-03, -5.33309281e-02, -2.72383615e-02, 2.25663707e-02,
       3.03624142e-02, 8.30163732e-02, 1.86135937e-02, -2.86494382e-02,
       4.41986918e-02, 5.13299229e-03, -1.28893089e-02, -7.37104099e-03,
       2.84325946e-02, 4.07924503e-02, -8.43194500e-02, -3.53065208e-02,
       9.88964271e-03, -3.82828750e-02, 5.57859056e-02, 4.60628644e-02,
       4.59411852e-02, 7.38369375e-02, 4.98966202e-02, -1.96133908e-02,
       3.38296476e-03, 1.35005405e-02, -3.45996469e-02, -2.24282481e-02,
       8.93693268e-02, -7.99169298e-03, -4.40655313e-02, -3.01077273e-02,
       -2.34212484e-02, 6.32422119e-02, 6.42079860e-02, 1.92040503e-02,
       -1.06524467e-01, 8.00627097e-02, -2.37887036e-02, -6.05769716e-02,
       -1.60058904e-02, 4.41959016e-02, 6.53056726e-02, -1.79670285e-02,
       7.51190213e-03, 4.06520069e-03, 4.48504165e-02, -2.37598736e-02,
       -6.12831383e-04, 1.13098882e-02, -3.50215435e-02, -5.04403450e-02,
       -3.83141413e-02, 1.13411546e-02, 1.87951345e-02, 3.37482281e-02,
       -9.51688178e-03, -8.33628699e-02, 5.11849336e-02, 1.87931210e-02,
       -1.09585181e-01, -3.42208184e-02, 4.80414368e-03, 1.05881982e-01,
       -6.79120645e-02, -6.22841232e-02, -2.63965614e-02, 8.84086173e-03,
       -1.78909227e-02, 2.63326988e-02, 3.68485413e-02, -1.94397811e-02,
       -2.34532207e-02, 2.82613169e-02, 4.42598164e-02, 2.06204373e-02,
       4.54566851e-02, 1.01884790e-01, 2.56995019e-03, -2.77770124e-02,
       -3.37850600e-02, 2.63926554e-02, 6.04007440e-03, -1.22021753e-02,
       5.03560938e-02, 2.96724066e-02, 2.95757432e-03, 1.54094538e-02,
       2.76963552e-03, -3.51005085e-02, -1.93550512e-02, 2.87223347e-02,
       3.65482047e-02, 3.19711529e-02, 1.77675746e-02, 4.85974401e-02,
       -5.66649549e-02, -2.06790035e-04, -6.43671677e-02, 2.72506736e-02,
       -2.77662370e-02, -8.54490697e-02, 1.21103544e-02, -5.54862618e-02,
       -5.96326031e-02, -3.65581214e-02, 7.45967850e-02, 3.52696925e-02,
       3.83580551e-02, -4.83405450e-03, 8.79050326e-03, -2.03891401e-03,
       -4.62281667e-02, 5.40529750e-02, -9.80553776e-02, 2.30559129e-02,
       -1.80414750e-03, 1.06634364e-01, -9.70271155e-02, -4.76537384e-02,
       -3.64375226e-02, -3.26975696e-02, 5.34843951e-02, 4.75039007e-03,
       -4.42268625e-02, -9.53730289e-03, -1.73493568e-02, 2.61077434e-02,
       -2.40170471e-02, -4.76375446e-02, -4.63127811e-03, 6.30561858e-02,
       4.82732952e-02, 4.42828424e-02, -4.71831858e-02, 1.11637963e-02,
       -2.66707614e-02, -1.22732599e-03, -2.09407806e-02, 1.81050394e-02,
       -1.33841336e-02, -6.41837642e-02, 6.73051625e-02, 1.48242693e-02,
       3.76173928e-02, 1.39576448e-02, -2.98392470e-03, 2.59054508e-02,
       -1.75855532e-02, 4.60255928e-02, 1.48053793e-03, -6.46395609e-02,
       -1.98348816e-02, 8.87390375e-02, -2.03704294e-02, 4.76026908e-02,
       -5.58892451e-03, -3.01848762e-02, -3.03112231e-02,
       -1.68031901e-02, 4.42893151e-03, -2.65807658e-02, 9.62493941e-03,
       -6.74701780e-02, 3.93147990e-02, -7.12019112e-03, 4.78268787e-02,
       2.50019529e-03, -8.85226652e-02, 2.20848564e-02, -6.15262762e-02,
       -6.35805801e-02, -6.93551125e-03, -2.47506741e-02, 4.91740089e-03,
       3.54775563e-02, 4.99295779e-02, -7.24844709e-02, 1.17782950e-02,
       -2.33524450e-04, 3.91921438e-02, 7.03223124e-02, 1.06187642e-01,
       -6.02982100e-03, 5.91201372e-02, 3.76444049e-02, 2.47830339e-02,
       -2.79299226e-02, 3.15514132e-02, -3.85314710e-02, -2.94106198e-03,
       -2.86839586e-02, 1.02747912e-02, -1.76137891e-02, 2.96878181e-02,
       2.15788698e-03, 3.17854024e-02, -1.60949491e-02, -8.51712562e-03,
       -4.45908979e-02, 4.63198812e-04, -2.73553208e-02, -5.61211221e-02,
       -4.01917323e-02, -2.86780074e-02, -1.60375908e-02, 7.64018157e-03,
       8.50145668e-02, 1.05089927e-02, 5.91695420e-02, -4.12817672e-02,
       -3.07328440e-03, -8.28722259e-05, 2.09634509e-02, 2.06723399e-02,
       3.41747552e-02, -5.35894036e-02, -2.94217449e-02, 4.40589413e-02,
       6.22084364e-03, 3.28042544e-02, -7.12606907e-02, -6.52008923e-03,
       9.95748639e-02, 7.60878772e-02, -2.31411848e-02, -1.15919253e-02,
       -3.86298448e-02, 1.49213262e-02, 2.46603414e-03, 1.38875167e-03,
       3.99147421e-02, -1.46883316e-02, 7.69121200e-03, -3.77709493e-02,
       -1.54487966e-02, 3.35202850e-02, -8.36021006e-02, -3.07275932e-02,
       -2.52092648e-02, -2.30863001e-02, -4.36767712e-02,
       -1.35002257e-02, -8.81439969e-02, 7.92551786e-03, 5.76719455e-02,
       -5.59173226e-02, -6.61887005e-02, 1.05503529e-01, -8.37319996e-03,
       2.60064136e-02, 9.09630135e-02, 1.05168689e-02, -6.57364950e-02,
       5.72395511e-02, 2.64850333e-02, -8.28049611e-03, 1.38039161e-02,
       5.61336465e-02, 3.95928584e-02, 7.93315098e-02, -5.15406253e-03,
       -8.29497911e-03, 2.23420169e-02, -6.99591786e-02, -8.06959644e-02,
       -1.72707271e-02, 9.66945663e-03, -4.70145456e-02, 2.25057863e-02,
       6.82900921e-02, 1.77657953e-03, -4.32018116e-02, 1.54346824e-02,
       3.03697828e-02, -2.89572533e-02, -2.38266028e-02, 1.09161459e-01,
       -1.54093874e-03, 4.77869250e-02, 3.84148806e-02, -7.88310692e-02,
       3.00318208e-02, -2.22948845e-02, 2.40056030e-02, -3.19651067e-02,
       -3.14261243e-02, -6.37434050e-02, -3.58863431e-03,
       -3.23159173e-02, -7.48192072e-02, -2.18385924e-02, 7.08621228e-03,
       -2.67169178e-02, -3.47439945e-02, -7.70101696e-02,
       -1.16186179e-02, 8.00498575e-02, 1.71162952e-02, -2.42498294e-02,
       2.70651691e-02, 6.95655681e-03, 2.91417930e-02, -1.70630291e-02,
       -4.95531149e-02, -1.34485923e-02, 1.66828930e-01, 5.70006669e-03,
       -4.55283448e-02, -2.51151025e-02, 2.67336462e-02, 1.75127722e-02,
       2.32090484e-02, -1.11183733e-01, -4.58167233e-02, -2.77251434e-02,
       1.08865760e-02, 5.62648475e-02, -4.73786937e-03, -9.47592035e-03,
       6.82229549e-02, -2.70670969e-02, -3.38821262e-02, -1.40286926e-02,
       -6.48273760e-03, 2.75666434e-02, -5.03615066e-02, -3.98028530e-02,
       6.21346897e-03, 4.46565486e-02, 6.19576611e-02, 5.01808198e-03,
       2.48215012e-02, 2.25106869e-02, -3.44336815e-02, -7.93304741e-02,
       -4.69740815e-02, 1.06741651e-03, 1.56864966e-03, -5.54294735e-02,
       6.27766503e-03, -4.54827733e-02, -3.92356738e-02, -4.49444018e-02,
