%YAML:1.0
---
matrix: !!opencv-matrix
   rows: 1
   cols: 512
   dt: f
   data: [ -6.32422185e-03, -9.60609913e-02, 1.41403805e-02,
       -1.91230960e-02, 3.73353101e-02, 9.80503038e-02, -1.89009346e-02,
       -2.93026939e-02, -6.26772689e-03, 5.32134101e-02, -8.24364740e-03,
       -2.12665871e-02, -1.51036102e-02, 6.42665774e-02, -7.72258788e-02,
       2.09922995e-02, -2.76027303e-02, 6.13991870e-03, 4.11050953e-02,
       2.88504846e-02, 1.53562017e-02, -2.34232750e-02, -6.31886646e-02,
       4.07638103e-02, -8.08165688e-03, -4.20927256e-02, -1.26848266e-01,
       -2.25147419e-03, -6.35559335e-02, -6.97832508e-03,
       -2.13695515e-04, 3.18702087e-02, 1.97361945e-03, 3.30079086e-02,
       -1.05048427e-02, 5.00517972e-02, 4.81764786e-02, -2.16929875e-02,
       -1.66075397e-03, -1.08131573e-01, -1.01322092e-01, 6.50870577e-02,
       -1.91579759e-02, -3.22894491e-02, 2.08424591e-02, -4.04133610e-02,
       -7.55949244e-02, -5.88239431e-02, -2.45287479e-03,
       -1.29942417e-01, 2.47716382e-02, -2.15909071e-02, 3.42006572e-02,
       6.90589100e-02, 6.27445281e-02, 7.76568195e-04, -6.64800406e-02,
       7.93029442e-02, -8.20492581e-03, 3.28636132e-02, 3.23269330e-02,
       -4.13813666e-02, 1.64744686e-02, -8.18728954e-02, -2.49277111e-02,
       -2.76991334e-02, -3.91909992e-03, 1.32325171e-02, 2.33291015e-02,
       1.87112484e-02, -2.24322490e-02, -4.07313146e-02, -1.38656618e-02,
       -4.64858003e-02, -2.85527334e-02, 4.42933626e-02, -3.18219960e-02,
       3.84797975e-02, -1.49509804e-02, 6.17247671e-02, -5.34475520e-02,
       -7.11135790e-02, -1.56421214e-02, -2.63093524e-02,
       -9.55540910e-02, 7.11318702e-02, -3.60884448e-03, 5.87509247e-03,
       6.48041964e-02, -3.12011577e-02, -2.74531096e-02, 5.38798049e-02,
       -6.78210752e-03, -6.69011027e-02, 3.39903613e-03, -1.61764510e-02,
       4.06893454e-02, -5.61323427e-02, 4.26309220e-02, -7.55460933e-03,
       4.72418070e-02, -4.81883110e-03, -1.51076531e-02, -3.80989686e-02,
       1.22567825e-02, -2.80975811e-02, -8.33374932e-02, -4.26926352e-02,
       -6.29477501e-02, -2.27506924e-02, 7.55735382e-04, -1.72343869e-02,
       -8.02383274e-02, -3.40973921e-02, -3.30070779e-02,
       -4.15658727e-02, 3.04348934e-02, -4.40644026e-02, 6.33481219e-02,
       -2.57375427e-02, -4.89276424e-02, 4.36067060e-02, 7.72771658e-03,
       -6.72385544e-02, 3.11550200e-02, 2.14726720e-02, 5.15782386e-02,
       1.05904713e-02, -5.44273183e-02, -4.81123142e-02, 6.63836077e-02,
       -2.91335396e-02, -5.70231155e-02, -1.41398758e-02, 3.18184271e-02,
       -3.14361826e-02, -1.29069895e-01, 8.19669068e-02, -8.45596008e-03,
       1.30097428e-02, 7.78180808e-02, 2.80615818e-02, -1.30239222e-02,
       4.92836684e-02, -7.34312162e-02, 2.20994893e-02, 1.10367173e-03,
       1.20534241e-01, 3.92301083e-02, 1.75896622e-02, 7.00182281e-03,
       -2.46510636e-02, 8.00464675e-03, -6.27044588e-02, 2.81268284e-02,
       1.22042084e-02, -5.37621826e-02, -2.43689772e-02, -4.86087576e-02,
       -2.87504066e-02, 4.97157350e-02, -1.72549039e-02, 1.36182727e-02,
       1.90018620e-02, 1.70406215e-02, 6.38960600e-02, -3.79269905e-02,
       4.12625484e-02, -6.47911662e-03, -1.93996448e-02, -5.57810292e-02,
       -3.66050601e-02, 6.60871062e-03, -4.27036658e-02, -5.61894290e-02,
       4.08031456e-02, -4.75296713e-02, 3.15397209e-03, 1.10286986e-03,
       3.02753281e-02, -4.97036502e-02, 7.63894059e-04, 3.75261940e-02,
       -2.55893311e-03, 1.00999177e-01, 2.37007602e-03, 2.10109912e-02,
       -4.58751842e-02, -3.66506204e-02, 1.52343893e-02, 6.23706877e-02,
       -5.60222901e-02, -2.13818830e-02, 6.47418573e-03, -1.14255464e-02,
       -1.53071834e-02, -9.57848784e-03, -1.70311797e-02, 5.97771443e-02,
       4.75912914e-02, 3.36874835e-02, 2.97862347e-02, 6.13106489e-02,
       -2.86110695e-02, 1.71249621e-02, 3.54866087e-02, 1.11790709e-02,
       5.12149073e-02, 3.74218933e-02, -1.47255594e-02, -5.26939146e-02,
       1.03703681e-02, -2.04222128e-02, 1.58691090e-02, 3.65616311e-03,
       -3.57482582e-03, 1.34956613e-02, -2.85359542e-03, 1.57990195e-02,
       -5.76707125e-02, -5.00012189e-02, -2.17187461e-02, 3.63952480e-02,
       -1.96852181e-02, -1.39263337e-02, 4.15307954e-02, 5.86736901e-03,
       4.74255756e-02, -5.24773486e-02, 3.60337310e-02, -1.16048474e-02,
       2.72358507e-02, -1.51709775e-02, -2.21653637e-02, 9.88052599e-03,
       -1.08996071e-02, -2.55461652e-02, 2.39995541e-03, -6.03344431e-03,
       -5.84740713e-02, -1.05801851e-01, -8.84159878e-02, 2.56596096e-02,
       -6.96277395e-02, 2.57744025e-02, 2.72946134e-02, -6.53325915e-02,
       -1.12163266e-02, 4.73776944e-02, 3.15592214e-02, 5.83342873e-02,
       -1.30803604e-02, -1.23588205e-03, -5.67291565e-02,
       -2.92109791e-02, 4.64457721e-02, -4.96027898e-03, -2.40595657e-02,
       -8.50321800e-02, -4.19571213e-02, 1.35320760e-02, 7.79904351e-02,
       -1.83826648e-02, -4.46641855e-02, 2.75480375e-03, -7.81021491e-02,
       2.36741584e-02, -4.75431681e-02, -1.47146229e-02, 1.15249038e-03,
       1.28437495e-02, -6.07202500e-02, 8.05557370e-02, -1.69626940e-02,
       4.64503057e-02, -7.55402595e-02, -7.41680432e-03, 6.19136207e-02,
       5.59416674e-02, 4.20267805e-02, -3.82604003e-02, 3.23681645e-02,
       1.31243318e-02, -5.22147603e-02, 4.45295721e-02, 2.45697331e-02,
       -7.02130720e-02, -2.60648876e-02, 4.51846141e-03, -3.61276381e-02,
       5.31979874e-02, -8.33280310e-02, -1.12351604e-01, -5.46884462e-02,
       -5.84781282e-02, -4.63414984e-03, -2.77464427e-02, 4.19146642e-02,
       -8.08337878e-04, -2.17818301e-02, 6.18108474e-02, 6.36603460e-02,
       -6.47155056e-03, -4.89266440e-02, -5.94835822e-03, 1.48115784e-03,
       3.45106609e-02, -3.44387479e-02, -2.42871474e-02, -7.72074685e-02,
       -4.14581969e-02, 6.33398518e-02, 2.11696513e-02, -2.85264314e-03,
       -2.84375623e-02, -2.34122332e-02, 1.84889212e-02, 2.20776722e-02,
       -4.71499152e-02, 3.15971114e-02, -4.29974720e-02, 4.97060977e-02,
       6.14253320e-02, -3.00943479e-02, -1.47597026e-02, -2.24509425e-02,
       -1.65387187e-02, -1.03033520e-01, -7.02106336e-04,
       -3.37376259e-04, 2.73458436e-02, 7.27783814e-02, 1.43621257e-02,
       1.33346459e-02, -3.10371607e-03, 4.76266481e-02, 1.84815144e-03,
       -3.79172638e-02, 2.98893843e-02, -1.88723132e-02, 1.70648489e-02,
       2.02205568e-03, 2.07560342e-02, 9.61123407e-02, 7.59113058e-02,
       9.48426314e-03, 6.35330305e-02, 4.90357764e-02, 7.46226907e-02,
       -3.11109163e-02, 1.89848132e-02, 7.32990913e-03, -1.56440120e-02,
       4.96241935e-02, -1.82456635e-02, -2.89295185e-02, -1.03744958e-02,
       3.21030840e-02, -5.46585955e-02, -2.00200677e-02, -1.53651293e-02,
       7.46229524e-03, -1.10267317e-02, 6.65338989e-03, -7.28568733e-02,
       -4.55880873e-02, 7.05859810e-02, -5.39253503e-02, -1.80451665e-02,
       -5.57499006e-03, 9.31408256e-02, -3.85101885e-02, -2.37162388e-03,
       -5.93233202e-03, -7.54843131e-02, 5.16408719e-02, -8.89322758e-02,
       4.83216019e-03, 1.30428579e-02, 9.92101710e-03, -1.70667190e-02,
       -1.67434327e-02, 1.45646818e-02, 4.07574326e-02, 2.09776349e-02,
       3.86635028e-02, 1.27936136e-02, 4.98824678e-02, -9.90614202e-03,
       -9.46066715e-03, 1.99304577e-02, 5.29023074e-02, 8.43186229e-02,
       5.23499101e-02, -1.33483009e-02, 1.04014054e-02, -4.80009988e-02,
       5.71911521e-02, -4.72375005e-02, -3.52841541e-02, 1.47019131e-02,
       5.37555385e-03, 3.78195830e-02, -2.26657838e-02, -7.92358667e-02,
       -3.07074822e-02, 3.37525667e-03, 9.50115360e-03, -6.88143969e-02,
       -5.52550778e-02, -4.54073884e-02, 4.93513159e-02, -7.46459812e-02,
       2.58308923e-04, 2.53753792e-02, 7.99451768e-02, -1.82622466e-02,
       1.65191200e-03, -5.11818863e-02, -3.74428965e-02, -4.77230586e-02,
       4.13287692e-02, 6.04649335e-02, 1.16390297e-02, 1.65279526e-02,
       -2.91496166e-04, -1.24111474e-02, -5.96152358e-02, 7.13728229e-03,
