%YAML:1.0
---
matrix: !!opencv-matrix
   rows: 1
   cols: 512
   dt: f
   data: [ 6.41360730e-02, -3.25000845e-02, -4.02578935e-02,
       8.06807429e-02, -1.27587263e-02, -1.00712493e-01, -2.29474064e-02,
       -1.51542323e-02, -5.24493419e-02, -4.51872637e-03,
       -8.59319791e-02, 6.97043315e-02, -1.28081124e-02, -4.10287976e-02,
       -4.72299792e-02, -1.64107755e-02, -2.20078602e-02, 5.17547913e-02,
       6.96399249e-03, 6.79703802e-02, 4.66630720e-02, -5.88290989e-02,
       8.70895758e-02, -1.62656512e-02, 1.28728375e-02, 1.82971656e-02,
       3.48655581e-02, 9.48667713e-03, -4.11487706e-02, -3.43607292e-02,
       -2.15287823e-02, 2.40337644e-02, 1.86103061e-02, -3.15167755e-02,
       -5.34500973e-03, 3.12533714e-02, -8.51869732e-02, 3.60704660e-02,
       -1.12949433e-02, 5.49403839e-02, 2.46637524e-03, -8.58671367e-02,
       -9.05841589e-02, 8.07512831e-03, -2.80108005e-02, 8.56477069e-04,
       -8.13463330e-02, -4.96065011e-03, -4.24279496e-02,
       -1.71431201e-03, -8.64235684e-03, -1.54533265e-02, 1.68579202e-02,
       -1.13993865e-02, -8.09191465e-02, -2.19038241e-02, 6.10871129e-02,
       4.50989790e-02, -9.24440287e-03, 6.89427406e-02, 4.48309593e-02,
       1.88768059e-02, -3.90016846e-02, 3.15560326e-02, 6.47577457e-03,
       -6.70787543e-02, -1.75903179e-02, 1.23623565e-01, -3.01524308e-02,
       7.92356208e-02, 4.12535295e-02, 5.38552478e-02, -1.93741992e-02,
       -3.50972749e-02, 1.44669320e-02, -4.06497382e-02, 9.75116063e-03,
       8.01697560e-03, 4.11984324e-02, -2.38188561e-02, -2.74020731e-02,
       1.27062842e-01, -1.95195321e-02, 4.06920798e-02, 1.03551280e-02,
       3.15665565e-02, -4.06950861e-02, 7.10913837e-02, 5.16939200e-02,
       -1.65686645e-02, 4.01322134e-02, -7.42440997e-03, -1.88008565e-02,
       -4.85280976e-02, 3.48193794e-02, -4.32829857e-02, -1.16985133e-02,
       1.54837845e-02, -3.27588134e-02, 1.47973699e-02, -2.87267547e-02,
       6.41652048e-02, -9.73523408e-03, 5.13837002e-02, -1.23310030e-01,
       2.26857513e-02, -2.23514009e-02, 5.89411035e-02, 8.47436637e-02,
       -3.96848161e-04, 2.32019424e-02, 3.07593700e-02, 2.19791085e-02,
       3.83404531e-02, -4.28822525e-02, 3.20129544e-02, 4.67478903e-03,
       -7.67844468e-02, -5.82757453e-03, -2.02915519e-02, 8.41587223e-03,
       -5.10616191e-02, -3.71950530e-02, 2.70704529e-03, -3.18037085e-02,
       2.40282156e-02, -8.74895751e-02, 4.18774076e-02, -1.46245658e-02,
       7.86515512e-03, -1.13406582e-02, 2.55935974e-02, 1.58516262e-02,
       -4.91744615e-02, 3.97054702e-02, 9.93485935e-03, 4.63804938e-02,
       -3.88985798e-02, -3.97488773e-02, -2.90880911e-02,
       -3.77527736e-02, -6.27185628e-02, 1.56084038e-02, 2.24486534e-02,
       3.51663828e-02, -6.88443705e-02, 2.16463115e-02, -5.79565316e-02,
       4.85934503e-02, 1.36871135e-03, -1.02381237e-01, 6.74669817e-02,
       4.67383899e-02, -3.20491530e-02, 8.44926834e-02, 1.33019947e-02,
       -4.86422069e-02, -2.64346562e-02, 1.26078231e-02, -8.15015286e-02,
       1.95077006e-02, -2.80219479e-03, -7.23713934e-02, -6.17771931e-02,
       -7.70136854e-03, -2.34602783e-02, 3.58032547e-02, 1.08049763e-03,
       -4.88329269e-02, 1.90676861e-02, 2.42227837e-02, -8.24161842e-02,
       -1.45220146e-01, -1.41300336e-02, -5.95731102e-02,
       -3.36496718e-02, -9.79326069e-02, -5.70955463e-02, 2.12718062e-02,
       1.86596327e-02, 7.80693367e-02, -2.12414358e-02, -3.31297629e-02,
       -2.03598030e-02, 5.18979877e-03, -5.49796410e-02, -9.32727233e-02,
       6.09178655e-02, -1.95229575e-02, -1.24979056e-01, -7.80971581e-03,
       -4.23990972e-02, -2.95755845e-02, -4.66339067e-02,
       -2.40268745e-02, -6.72965422e-02, 6.94346894e-03, 2.16012858e-02,
       -2.74009462e-02, 3.86008546e-02, 4.56451885e-02, -1.91548560e-02,
       5.49070090e-02, 7.83945099e-02, 3.00543942e-02, 2.59548612e-02,
       8.63207281e-02, 1.70937330e-02, 3.81090492e-02, -5.83494306e-02,
       2.60418351e-03, -5.84204420e-02, 6.97655324e-03, 4.88080718e-02,
       -3.02231424e-02, -2.38979701e-02, 3.70960310e-02, -1.02374274e-02,
       -4.20468636e-02, 2.47453712e-02, 2.06354689e-02, 4.14991565e-03,
       8.13574493e-02, 3.95618901e-02, 4.50592041e-02, 5.71188144e-02,
       -3.99698280e-02, -1.48931667e-02, -1.05150398e-02,
       -7.94918835e-03, 5.74979447e-02, 3.29719782e-02, -3.58684584e-02,
       1.87944602e-02, -1.00150973e-01, 1.22102518e-02, -2.08508689e-02,
       4.00217287e-02, 4.03216891e-02, -8.68764818e-02, 3.76548059e-02,
       2.56879572e-02, 5.56217022e-02, -4.52156877e-03, -6.75159097e-02,
       -7.46290237e-02, 5.16316369e-02, 1.08294219e-01, 2.48658415e-02,
       -3.35832573e-02, 5.97967803e-02, 8.70058313e-02, 1.14467507e-02,
       -7.17438608e-02, 1.26615483e-02, 7.99124315e-03, 4.25814390e-02,
       3.70729007e-02, 5.12847863e-03, 4.41920087e-02, 2.43970398e-02,
       2.40396727e-02, -5.67489397e-03, 3.10316477e-02, -6.43901825e-02,
       1.07427090e-02, -5.70863634e-02, 1.25145391e-01, -2.62913685e-02,
       1.46344341e-02, -3.32151316e-02, 3.71879600e-02, -1.76426005e-02,
       -6.62518293e-02, -1.70051791e-02, 4.46053164e-05, 2.13707536e-02,
       8.83091066e-04, 3.80826704e-02, -2.88144350e-02, -1.89997032e-02,
       -2.89866757e-02, -3.36253061e-03, 7.31043890e-03, -6.22696755e-03,
       -4.30827141e-02, -6.08189367e-02, -3.27194296e-02, 3.03573348e-02,
       2.96385735e-02, -2.69188453e-02, -1.48083037e-02, 2.21532099e-02,
       2.96201538e-02, -1.22030266e-01, -4.26352024e-02, -3.60620357e-02,
       -4.85747168e-03, -6.99509531e-02, 1.02755129e-01, -5.91197424e-02,
       3.26677673e-02, 4.32159007e-02, -3.14442143e-02, 2.93254703e-02,
       -6.26516193e-02, 1.70963835e-02, 1.65188182e-02, 7.95202982e-03,
       -6.01831712e-02, -2.62729218e-03, 2.24469956e-02, 1.81440245e-02,
       4.52249534e-02, -5.85912168e-02, 5.04078483e-03, -1.39132487e-02,
       -8.25841501e-02, -2.27924120e-02, 4.55817692e-02, -3.83204333e-02,
       -6.14777282e-02, -5.58140501e-03, 1.58473495e-02, 1.12481371e-01,
       -2.13901233e-02, -3.21948454e-02, 3.29085812e-02, 6.49136666e-04,
       9.00686011e-02, -1.14899063e-02, 9.77664627e-03, 2.33506672e-02,
       -6.80430904e-02, 9.17153247e-03, 6.07843287e-02, 6.27893284e-02,
       9.08364430e-02, 5.60925789e-02, 4.74687740e-02, -6.17915532e-03,
       -4.37520118e-03, 3.67432684e-02, -1.41313532e-02, -2.54234485e-02,
       -4.59165536e-02, -7.72751356e-03, -4.43095248e-03,
       -4.83871475e-02, -2.16701138e-03, 6.50673658e-02, -2.46003754e-02,
       -8.13567936e-02, -8.36870745e-02, 6.27088696e-02, 2.09162314e-03,
       1.36821158e-02, 1.42412698e-02, 2.93191485e-02, -2.19216989e-03,
       -2.68551540e-02, -3.37724201e-03, -4.90585435e-03, 4.05961871e-02,
       -1.33037027e-02, -1.27096279e-02, 8.58078804e-03, 3.60556878e-02,
       3.19152549e-02, 3.56618986e-02, 2.36547645e-02, -3.03843841e-02,
       3.59975547e-02, 3.07133719e-02, -1.39895631e-02, -2.15636771e-02,
       5.72487079e-02, 1.15993395e-02, 5.35064675e-02, -5.69702266e-03,
       2.14285520e-03, -6.22354494e-03, 7.01651648e-02, 7.54984468e-02,
       -8.71067494e-02, 4.24189381e-02, 5.43949101e-03, -7.99538642e-02,
       -1.62871890e-02, -6.63219839e-02, -4.18596417e-02,
       -3.78441215e-02, -5.19758090e-03, -1.03859920e-02, 3.98161300e-02,
       4.27916348e-02, 3.31067629e-02, -4.77731600e-03, 2.70559406e-03,
       -4.28837873e-02, -3.38035673e-02, -4.89722565e-02,
       -2.73484495e-02, -2.53572538e-02, 7.39276118e-04, -2.22439296e-03,
       -2.05169190e-02, 4.62450795e-02, -8.91155303e-02, 3.08653153e-02,
       -2.76946556e-02, -1.77078545e-02, 5.16399741e-03, 4.63343784e-02,
       7.42199868e-02, 4.99075046e-03, 2.11972706e-02, 1.95729900e-02,
       -1.81126650e-02, -5.58057055e-02, 1.13574648e-02, 4.26730402e-02,
       -5.13304472e-02, -3.08775101e-02, -2.13025659e-02, 1.70795787e-02,
       -6.34655543e-03, -6.23573316e-03, -3.26470546e-02,
