%YAML:1.0
---
matrix: !!opencv-matrix
   rows: 1
   cols: 512
   dt: f
   data: [ -9.61558055e-03, -1.79570746e-02, -9.72059071e-02,
       4.49208841e-02, -6.55220821e-03, -2.89261267e-02, 2.45507266e-02,
       -1.27077669e-01, -1.94141883e-02, -1.81755964e-02, 3.07127042e-03,
       -1.51357939e-02, 1.99410729e-02, 1.92038119e-02, -7.12287873e-02,
       -7.10548684e-02, -1.96723230e-02, -1.98976486e-03, 3.67565192e-02,
       -3.21673192e-02, 5.80623560e-02, -9.41919722e-03, -2.37903669e-02,
       3.79654281e-02, -2.57618669e-02, 8.84383246e-02, -1.95057523e-02,
       -3.63313742e-02, -2.10566036e-02, -1.04029095e-02, 1.41048178e-01,
       7.22601041e-02, -4.24990105e-03, -4.97062914e-02, -6.79659545e-02,
       1.61180198e-02, -3.46551724e-02, 5.13677560e-02, 8.19196273e-03,
       1.96728930e-02, -1.65865198e-02, -6.18114024e-02, -3.34406644e-02,
       -2.19301861e-02, -1.55701963e-02, -1.48227029e-02, 4.09512371e-02,
       7.62985051e-02, -4.24227528e-02, 2.21933443e-02, -5.33105284e-02,
       -3.16610150e-02, 6.21186048e-02, -2.77021918e-02, -5.73082305e-02,
       -3.58125120e-02, -8.44548941e-02, -1.70264896e-02, 3.62008065e-02,
       2.40387954e-02, -2.66357865e-02, -8.62448141e-02, -5.17578498e-02,
       1.15532652e-02, 9.64034796e-02, -1.15398839e-02, 2.12408509e-02,
       -4.06877771e-02, 8.93421918e-02, 5.47546074e-02, -8.21704604e-03,
       3.81994806e-03, 4.54884209e-02, 6.06840141e-02, 6.55203685e-02,
       -4.20554690e-02, -2.06235033e-02, -3.30720469e-02, 4.89274710e-02,
       -3.29386741e-02, -4.14983593e-02, -1.35793211e-02, 1.08114369e-02,
       -9.23018754e-02, -5.33371232e-02, -3.87522690e-02, 5.78568019e-02,
       2.59744655e-02, 3.03369798e-02, -9.69118811e-03, -4.25451770e-02,
       4.60343733e-02, -3.75914127e-02, -2.45502703e-02, -1.98925822e-03,
       -2.15563774e-02, -4.28509340e-02, 7.97982365e-02, -9.46868658e-02,
       -1.81625690e-02, -2.73456518e-02, -8.58389065e-02, 6.74827397e-02,
       -1.92425661e-02, 8.04635405e-04, 7.21794888e-02, 1.39901023e-02,
       5.71434852e-03, 3.64630260e-02, 1.71793234e-02, -5.33523969e-02,
       -2.58353865e-03, -5.36046587e-02, 5.93301607e-03, -4.62809374e-04,
       9.22457129e-03, 4.92245071e-02, 8.44032224e-03, 2.32397560e-02,
       -5.02997311e-03, -7.41453543e-02, -1.04760192e-01, 1.58430655e-02,
       -3.32549214e-02, 5.11142518e-03, -2.80793216e-02, 1.38736852e-02,
       -7.06928317e-03, -6.06222562e-02, -4.65581454e-02,
       -2.09496971e-02, -6.81834482e-03, -5.90486974e-02, 5.10539860e-02,
       1.50730107e-02, -1.58047155e-02, -4.51321006e-02, 2.78285798e-02,
       -1.22445729e-02, 5.01834489e-02, -6.58277469e-03, 4.37523946e-02,
       -1.04715496e-01, 1.01887183e-02, 9.61673483e-02, -1.00721908e-03,
       5.06615406e-03, 2.72268876e-02, 3.34693119e-03, -2.23781783e-02,
       -1.13118194e-01, 6.88395202e-02, -2.56372703e-04, -1.08077079e-02,
       -5.11963665e-02, 4.60686684e-02, -5.68034835e-02, -1.74056534e-02,
       1.23195741e-02, 7.73987025e-02, -5.19948406e-03, 4.13203388e-02,
       1.34883001e-02, -2.24211663e-02, -2.21115332e-02, -1.71801560e-02,
       4.39335629e-02, 1.67927553e-03, -2.08333228e-02, 1.48378154e-02,
       -8.55268613e-02, -5.15189394e-02, 4.16688174e-02, 2.26529669e-02,
       2.88657434e-02, -7.12801144e-02, 4.55333330e-02, -1.06658742e-01,
       -2.37962510e-02, -5.78470081e-02, -4.67125960e-02, 6.86947927e-02,
       -9.49949920e-02, 1.48439417e-02, 7.08566755e-02, 1.90456193e-02,
       -4.09914739e-02, 6.30026683e-02, -4.18511704e-02, -3.10092792e-02,
       1.09976679e-02, -1.35336723e-02, -7.12887337e-03, 6.07497245e-02,
       -2.61950362e-02, -4.59412411e-02, -3.50719993e-03,
       -3.26904617e-02, -2.95122489e-02, -9.99496952e-02, 3.96611691e-02,
       4.70443070e-02, -3.03206313e-02, -2.94766203e-02, -5.26059866e-02,
       -2.22253576e-02, 1.20205758e-02, 3.35724019e-02, 2.22808626e-02,
       1.77817401e-02, -1.40186613e-02, -5.26908366e-03, 9.20740236e-03,
       1.25441095e-02, 2.82957917e-03, 4.98623773e-02, 6.57820106e-02,
       6.67627752e-02, 1.08235322e-01, -6.45965487e-02, 8.20955634e-02,
       -3.92630771e-02, 4.89394888e-02, -1.14271697e-02, 2.87022591e-02,
       2.51045171e-02, 4.66008577e-03, 8.12833905e-02, -2.75745243e-02,
       6.49170578e-02, -7.31415600e-02, 7.21792271e-03, -9.54927970e-03,
       -3.78975868e-02, -9.40780621e-03, 1.84085928e-02, -5.04313558e-02,
       -1.35230105e-02, 9.05794383e-04, -8.12386274e-02, 1.05971284e-02,
       1.43408058e-02, 7.06400303e-03, -1.18759386e-02, 1.79771753e-03,
       6.37527369e-03, -6.16269782e-02, 8.23275521e-02, -1.35704747e-03,
       -1.11212488e-02, -4.73769158e-02, 5.20852096e-02, -9.55554657e-03,
       -8.38794261e-02, -5.05629294e-02, -1.31540028e-02,
       -1.84327196e-02, -1.09936129e-02, -1.51322214e-02,
       -4.88459738e-03, 3.56016718e-02, 3.51051986e-02, -5.93061522e-02,
       -4.82838824e-02, -3.03642582e-02, 1.86808240e-02, -1.62971821e-02,
       5.93556128e-02, -7.18815699e-02, -3.43487114e-02, -1.59856174e-02,
       5.68816662e-02, -6.78257495e-02, -4.25251387e-02, -1.40176527e-02,
       -6.59054369e-02, 1.04084956e-02, 2.83922572e-02, -1.89543571e-02,
       6.19314499e-02, 1.86774563e-02, -5.08496724e-03, -2.24538278e-02,
       -1.21073775e-01, -5.96705303e-02, 4.41725999e-02, -6.31813258e-02,
       1.50589673e-02, -2.82466840e-02, 3.71206887e-02, -1.32868290e-02,
       -4.17631119e-02, -2.00207084e-02, -2.75721606e-02,
       -9.43686231e-04, -1.93404481e-02, -1.12492517e-02,
       -2.16481350e-02, -5.98132834e-02, -2.44408716e-02,
       -1.95990093e-02, -2.84648151e-03, 2.68733613e-02, 1.29447384e-02,
       4.47025560e-02, -6.98149428e-02, -6.17795847e-02, 7.57651171e-03,
       9.03915688e-02, 4.92911902e-04, -4.85493010e-03, -2.07510423e-02,
       7.72652798e-04, 2.87957359e-02, -3.24976211e-03, 1.48771303e-02,
       1.10126950e-01, -1.65615184e-03, 5.80922589e-02, -6.33164123e-02,
       1.90581474e-02, 4.89760749e-02, 1.66921727e-02, 2.99067646e-02,
       8.25466681e-03, -5.91371395e-02, -3.70699242e-02, 3.12211197e-02,
       -2.01043710e-02, -2.74847504e-02, -3.76870297e-02, 4.93411198e-02,
       1.40925981e-02, 3.15413773e-02, -8.77937861e-03, -7.92301670e-02,
       4.59162742e-02, -3.55944857e-02, 1.48922941e-02, 2.76403017e-02,
       2.75497306e-02, 3.36535973e-03, 5.84307723e-02, 5.41821085e-02,
       1.97764044e-03, 6.28263578e-02, 2.22457685e-02, 6.86289594e-02,
       4.19349261e-02, 5.21197245e-02, -3.73039022e-02, 2.79420298e-02,
       3.44821960e-02, 1.34123629e-02, 5.23332655e-02, -2.79796124e-02,
       3.12431660e-02, 4.98401700e-03, 3.62043157e-02, 8.31007361e-02,
       6.97216690e-02, -3.81704867e-02, 8.38640928e-02, -6.51468933e-02,
       4.65945303e-02, -1.40221687e-02, 4.36295522e-03, -1.37179550e-02,
       -4.57091024e-03, -2.06414741e-02, -4.17414308e-02, 1.18245177e-01,
       -4.99719232e-02, -4.83093634e-02, -2.76853219e-02,
       -6.79400656e-03, 1.46672558e-02, -5.41007966e-02, -1.02825843e-01,
       3.97860073e-02, -3.74154076e-02, -4.97632436e-02, 2.65834969e-03,
       1.10760704e-02, -5.66549525e-02, 1.51154408e-02, -2.14216597e-02,
       -5.09610539e-03, -5.82401976e-02, 7.67612923e-03, -4.90192845e-02,
       4.39504534e-02, 2.79785134e-02, -1.62048470e-02, 4.56494745e-03,
       3.87594514e-02, 5.97032309e-02, -4.56078425e-02, -3.94285172e-02,
       -3.71932462e-02, -2.91610956e-02, -5.82874939e-03,
       -2.26971079e-02, -3.48221101e-02, -2.06343886e-02,
       -1.50761241e-02, 6.14382550e-02, -2.53451359e-03, 7.67471567e-02,
       -1.71621311e-02, 1.79983433e-02, 2.25186385e-02, 5.16541675e-03,
       -1.77946854e-02, 4.25921194e-03, 2.68827472e-03, -3.32692601e-02,
       -1.07737603e-02, 7.98451528e-02, -4.38692793e-02, -6.87526166e-02,
       1.00729140e-02, -5.54243922e-02, 2.82516368e-02, -5.60575537e-02,
       -4.48224694e-02, 1.95325166e-02, -8.25265050e-03, 3.87512445e-02,
