%YAML:1.0
---
matrix: !!opencv-matrix
   rows: 1
   cols: 512
   dt: f
   data: [ 3.99845429e-02, -1.25010163e-01, -5.17108589e-02,
       1.41889527e-02, 5.68923466e-02, 1.76594127e-02, -5.69413044e-02,
       5.50353974e-02, -3.40190902e-03, 8.05173069e-02, 1.94818936e-02,
       4.00651759e-03, -2.25513522e-02, -5.28487787e-02, -5.78515185e-03,
       -1.46938572e-02, 3.03771403e-02, 5.01372367e-02, 6.29231483e-02,
       -3.24286078e-03, 6.32492304e-02, 2.58118901e-02, -2.79124174e-02,
       3.48429084e-02, 2.33377125e-02, -9.00921598e-03, 2.42552906e-02,
       3.88497561e-02, -1.47667783e-03, -3.89435841e-03, 2.52695326e-02,
       2.59464178e-02, 6.68899193e-02, 5.76472469e-02, 6.72655925e-03,
       2.04099175e-02, -2.38367561e-02, 8.60265829e-03, -6.62720352e-02,
       -5.79169989e-02, -1.10525424e-02, 4.05767336e-02, 2.95159966e-02,
       -6.07745908e-03, -1.62374210e-02, -2.32446324e-02, 3.84124406e-02,
       -4.42918949e-02, 2.49546617e-02, 3.13220057e-03, -7.36257881e-02,
       -3.68134119e-02, -5.78097589e-02, 5.84875904e-02, -5.37086837e-02,
       -2.51379400e-03, 2.29265541e-02, 2.45900005e-02, 1.40816811e-02,
       -2.41855960e-02, 1.20687485e-02, -7.05811754e-02, -4.53117676e-02,
       1.18244747e-02, 3.52467084e-03, -8.30136389e-02, -2.66285408e-02,
       -4.79906760e-02, 6.97708875e-02, 3.40624549e-03, 4.77862880e-02,
       -2.78991666e-02, 5.43998703e-02, -3.79201327e-03, -1.23740677e-02,
       -4.34578350e-03, 1.88053250e-02, 2.57970989e-02, 1.15177203e-02,
       -8.78767818e-02, -4.52176221e-02, -7.20970705e-02,
       -4.60993759e-02, -3.17007229e-02, -3.15652527e-02, 5.15915127e-03,
       1.66223310e-02, -2.79735625e-02, -1.75537560e-02, 3.69330905e-02,
       -4.91303802e-02, 4.77234870e-02, -3.65920961e-02, -6.24796301e-02,
       -1.13209826e-03, 3.48649323e-02, 2.40906943e-02, 9.48021933e-03,
       6.79834420e-03, -1.30288042e-02, -9.12095457e-02, -1.80774592e-02,
       2.65394673e-02, -1.98321920e-02, -7.55681545e-02, -1.75249521e-02,
       2.18365667e-03, -9.91235897e-02, -5.07129123e-03, -2.70576011e-02,
       -2.17228085e-02, -1.18480222e-02, -3.93117480e-02,
       -1.77079644e-02, -7.24111199e-02, -6.58234805e-02, 2.97358837e-02,
       -6.08540187e-03, 4.79132012e-02, -1.44044496e-02, 2.90140230e-02,
       6.01398312e-02, -5.80449253e-02, -6.29961267e-02, 1.74427498e-02,
       -7.28289187e-02, 5.93908876e-02, -5.03305010e-02, -5.43039758e-03,
       2.92839482e-02, -1.19673768e-02, 4.52543646e-02, 3.16517018e-02,
       2.85223033e-02, 6.75115511e-02, -7.31554776e-02, -2.23671868e-02,
       -9.07766744e-02, 6.47281706e-02, 2.06289869e-02, 3.93354371e-02,
       -1.90208610e-02, -3.43851047e-04, -1.93401296e-02,
       -5.06786406e-02, 4.86185737e-02, -4.91286702e-02, 1.80818774e-02,
       -1.85082052e-02, -3.81311476e-02, 5.73700145e-02, -1.93642341e-02,
       5.44219725e-02, 1.84260793e-02, 2.04472672e-02, 1.93477515e-02,
       -7.90841039e-03, 6.49802946e-03, -3.38134393e-02, -3.41150835e-02,
       1.09580494e-01, 2.86677852e-02, 6.39858395e-02, 2.24740729e-02,
       -1.16421524e-02, -2.82638259e-02, -2.78173164e-02,
       -3.66594009e-02, -1.24739967e-02, -1.21948589e-02, 1.34335002e-02,
       2.98986416e-02, 9.22740400e-02, 5.51022682e-03, -6.14605136e-02,
       -7.49076065e-03, 8.37015640e-03, -4.74446965e-03, 1.01730190e-01,
       5.76811172e-02, 1.26012200e-02, -9.58243571e-03, 1.60043705e-02,
       -9.90288332e-03, -2.71162298e-02, -5.14076613e-02,
       -6.62704483e-02, -1.89478453e-02, 1.29918344e-02, -3.20069678e-02,
       2.51186211e-02, -7.90486112e-02, 7.02121332e-02, 1.11869620e-02,
       5.60018048e-02, -6.41052146e-03, 9.80317593e-03, -5.65348156e-02,
       -1.44571923e-02, -6.35397760e-03, -1.18642496e-02, 2.06743758e-02,
       7.66361505e-02, -6.42165495e-03, 7.14555606e-02, 3.98387760e-02,
       -2.61361506e-02, -2.88208071e-02, 5.63373044e-02, 1.13989122e-03,
       -3.61053869e-02, 3.10047474e-02, 1.03259226e-03, 2.14217436e-02,
       4.41895202e-02, 1.93038825e-02, 1.17092403e-02, -1.49858743e-02,
       -6.08225167e-03, -6.65208176e-02, 6.48437534e-03, -4.56488803e-02,
       -4.54825126e-02, 3.83903235e-02, -4.96566258e-02, -5.32970764e-02,
       -3.46734747e-02, 1.00288384e-01, -5.40215895e-02, -1.90603193e-02,
       1.37476046e-02, -4.42774259e-02, -9.21959877e-02, -1.97383501e-02,
       7.20796501e-03, 7.01447651e-02, -7.14061665e-04, 3.86016257e-03,
       -3.48347239e-02, -2.38443241e-02, -7.47103691e-02,
       -9.77362916e-02, 3.52879427e-02, -6.12097606e-02, 5.26451059e-02,
       1.11705856e-02, 1.04222342e-01, 8.33178312e-03, -5.89136258e-02,
       -3.97938229e-02, 2.04380918e-02, 5.27398922e-02, 4.67491783e-02,
       -5.00328168e-02, -2.28356309e-02, -2.72323620e-02, 4.70590033e-02,
       -8.33523870e-02, -1.28656803e-02, 6.06240965e-02, -1.04083056e-02,
       7.47839920e-03, -2.19102781e-02, -4.97926660e-02, 1.94494240e-03,
       5.49935736e-02, 6.62194863e-02, 5.68037368e-02, -7.56473467e-02,
       2.15767771e-02, 7.65871853e-02, -7.63946176e-02, -2.19807960e-03,
       -4.62668426e-02, -1.04386419e-01, 5.03400825e-02, 1.60863146e-03,
       2.54445020e-02, 4.07789461e-02, 4.29497249e-02, -2.92573287e-03,
       3.13072391e-02, -3.81719321e-04, -1.34404838e-01, 4.34369445e-02,
       -1.77654605e-02, -1.90011468e-02, -6.08416982e-02,
       -4.18217219e-02, -2.21112259e-02, 2.66879634e-03, 6.86377212e-02,
       -9.88264568e-03, -4.56500761e-02, -7.66041130e-02,
       -7.52082989e-02, 7.25367442e-02, 1.13140736e-02, 5.14127053e-02,
       -3.00561097e-02, 4.05321084e-03, 6.07639328e-02, -4.70191352e-02,
       -5.86448088e-02, -4.09958176e-02, 1.84560684e-03, 4.01722863e-02,
       -4.17606160e-02, -7.05869868e-02, -3.68102156e-02,
       -2.97218356e-02, -4.15603146e-02, 8.52427036e-02, -5.96293733e-02,
       -2.35131364e-02, 4.41806726e-02, -1.98649690e-02, 9.60705355e-02,
       4.08472829e-02, 4.22547199e-02, 3.94831449e-02, 7.58368894e-02,
       -1.80306565e-02, -3.87289077e-02, 2.86328346e-02, -2.45662369e-02,
       -2.56619714e-02, 3.58870886e-02, 2.08389908e-02, 2.87259687e-02,
       -3.48954722e-02, -5.77477925e-02, 1.81682613e-02, -6.72157034e-02,
       9.48917028e-03, 1.18679844e-01, 2.50520669e-02, 1.22575006e-02,
       -6.72751889e-02, 8.11103061e-02, -3.57199162e-02, 8.51944759e-02,
       1.50946453e-02, 3.13358977e-02, 2.35782228e-02, -4.22564447e-02,
       -1.97936781e-02, -4.66455668e-02, -4.41257209e-02,
       -5.51530793e-02, 6.37657046e-02, 7.24343434e-02, 4.71852124e-02,
       5.12299500e-03, -6.40548244e-02, -6.07537962e-02, 1.09240133e-02,
       1.93016902e-02, -1.58140752e-02, 2.50694398e-02, -1.70450509e-02,
       -9.51691642e-02, -2.18657646e-02, -8.94942284e-02,
       -1.13234669e-01, 1.46794885e-01, 3.33437673e-03, -7.81143606e-02,
       4.68293987e-02, 2.99600214e-02, -1.81429144e-02, -4.44806591e-02,
       2.98456158e-02, 5.78331295e-03, -1.22596826e-02, 2.26061307e-02,
       -4.89298999e-02, -2.38511767e-02, -3.80906500e-02,
       -2.95163300e-02, -5.63027449e-02, -1.69392638e-02,
       -6.54431432e-02, -1.84557494e-02, 8.29860102e-03, -1.40860090e-02,
       6.29418045e-02, 7.04021752e-02, -3.09578441e-02, -2.15755384e-02,
       3.39271389e-02, 7.80892670e-02, 6.27463032e-03, 4.13058810e-02,
       -3.19442116e-02, -9.36392974e-03, 2.71896720e-02, 1.63244307e-02,
       4.66259988e-03, 1.56297144e-02, 3.21803056e-02, -5.98803908e-02,
       -4.82398979e-02, 1.16458600e-02, -6.03778809e-02, -3.16785537e-02,
       -6.70662299e-02, -4.75124456e-02, -7.15023372e-03, 2.35432982e-02,
       1.52403014e-02, 4.41643484e-02, -6.88595921e-02, -1.60945151e-02,
       2.85425056e-02, -1.86665822e-02, 1.69635527e-02, -9.41749010e-03,
       -2.42680572e-02, -4.54090163e-02, 5.90072833e-02, 3.34769152e-02,
       3.66892256e-02, 2.73638107e-02, -6.87176641e-03, -1.04361270e-02,
       -1.77391693e-02, 2.67749466e-03, 4.59873900e-02, -3.33927013e-02,
