%YAML:1.0
---
matrix: !!opencv-matrix
   rows: 1
   cols: 512
   dt: f
   data: [ -2.72118021e-02, -4.88083996e-02, -6.59413934e-02,
       -7.18847066e-02, 7.66583905e-02, -2.86712646e-02, -1.20568499e-02,
       -1.97799765e-02, -1.58977062e-02, -6.43796548e-02, 2.84742378e-02,
       4.74925861e-02, -1.12504782e-02, -9.83473212e-02, 3.99911636e-03,
       -2.05544401e-02, 6.61203936e-02, 9.20970887e-02, 1.83327086e-02,
       -1.55264735e-02, -3.03288153e-03, -2.20156610e-02,
       -1.30334562e-02, 6.96066990e-02, 3.38091329e-02, 2.79944241e-02,
       -3.49097699e-02, -1.06046498e-01, 1.00343503e-01, -8.46906193e-03,
       3.93774807e-02, 1.24666002e-02, -5.60266571e-03, 4.11223099e-02,
       1.49310455e-02, 3.94213712e-04, 9.22846328e-03, -1.20476531e-02,
       -8.04861411e-02, -3.66233513e-02, 3.40452022e-03, 1.33317076e-02,
       2.69438531e-02, -3.16850990e-02, -8.11990425e-02, 3.48111503e-02,
       -2.08080411e-02, 4.49727848e-02, 1.04396641e-02, -2.06695106e-02,
       5.30018061e-02, -2.22192872e-02, 6.72885776e-02, 3.68958265e-02,
       -1.76801700e-02, -5.47118559e-02, -3.73954624e-02, 5.61932065e-02,
       -9.13580656e-02, -4.40933257e-02, 1.83131695e-02, -4.68853774e-04,
       -2.32373066e-02, -2.50669825e-03, 2.02787016e-02, -9.53774899e-02,
       -6.16359664e-03, 2.07519252e-03, 7.06747994e-02, 3.19394656e-02,
       -1.42256226e-02, -1.54682137e-02, 1.07543552e-02, 4.97483797e-02,
       1.42703941e-02, 7.97000006e-02, -4.21332680e-02, -1.40843699e-02,
       -3.87332588e-02, 2.00359529e-04, -7.59000927e-02, -2.45522857e-02,
       9.92186088e-03, -5.66197336e-02, -2.71437708e-02, -3.35840471e-02,
       -2.29572635e-02, -1.03504658e-01, 6.04307204e-02, 1.52307283e-02,
       2.80028954e-02, 3.81429978e-02, 4.25403155e-02, 6.35164753e-02,
       2.87067611e-02, 2.51050876e-03, -2.37931330e-02, 3.40223499e-02,
       -6.20729588e-02, -4.04967368e-02, 6.89654872e-02, -1.86455641e-02,
       -2.88661234e-02, -6.13701455e-02, 4.90518361e-02, -3.07869376e-03,
       9.47160088e-03, 7.72149414e-02, -5.96002967e-04, -2.07478441e-02,
       1.06995255e-02, -4.02355120e-02, -5.12015028e-03, 1.37868302e-03,
       -5.36406152e-02, -7.81559646e-02, 2.58397944e-02, 2.15763599e-02,
       3.27181704e-02, -8.75930786e-02, 3.56251746e-02, -6.59340178e-04,
       -9.66734625e-03, 2.42221123e-03, 5.61128296e-02, 3.68310586e-02,
       3.46986600e-03, -7.66783357e-02, -4.08266671e-02, -8.12522427e-04,
       -5.05178720e-02, -8.81599355e-03, -7.25087449e-02,
       -1.39612993e-02, 4.51966636e-02, -2.83228960e-02, -1.15249837e-02,
       2.84681432e-02, -4.71852068e-03, -8.24766234e-03, 3.21549959e-02,
       6.80822134e-02, 8.38811975e-03, 7.21441358e-02, 1.42351650e-02,
       3.59062888e-02, -3.52197215e-02, 1.96785498e-02, -9.04996879e-03,
       -1.72872432e-02, -8.18914548e-02, 6.36506900e-02, 8.40773955e-02,
       -5.82228675e-02, 7.34548196e-02, 3.46704363e-03, -1.48972757e-02,
       7.14343339e-02, -1.77436825e-02, 5.22207804e-02, -2.51555517e-02,
       -3.95935811e-02, -4.97680064e-03, 8.77189562e-02, 2.44653728e-02,
       -1.73509493e-02, -3.60134169e-02, -1.74393877e-02, 6.48258924e-02,
       -6.41848072e-02, -3.26097831e-02, -5.01283109e-02, 5.03073893e-02,
       -3.06425132e-02, -2.42640115e-02, 2.05872394e-02, 4.26697684e-03,
       -7.38400791e-04, 4.95462082e-02, 2.13996097e-02, 3.22556458e-02,
       7.20909163e-02, 6.31828308e-02, 6.77314922e-02, -3.95509750e-02,
       6.63313493e-02, -4.56568450e-02, 5.49282618e-02, -2.71949694e-02,
       -7.07630292e-02, 9.19655431e-03, -3.34351091e-03, 3.68050952e-03,
       3.24687585e-02, 5.09831458e-02, -1.03185922e-01, -2.04001833e-03,
       -9.02167894e-03, -5.51808476e-02, 1.63140185e-02, -2.83443276e-02,
       3.09457723e-02, -5.07535674e-02, -1.28134796e-02, -2.24539246e-02,
       -1.01821488e-02, -8.49640521e-04, 4.44874540e-02, 4.81180064e-02,
       -2.77542137e-03, -3.16900127e-02, 2.46305224e-02, -2.42721708e-03,
       5.42903394e-02, -2.08082329e-03, -1.08234761e-02, 7.54917860e-02,
       -4.04424556e-02, -2.28084531e-02, -2.09627505e-02, 2.87835905e-03,
       -6.73077777e-02, 4.98739854e-02, -2.90930662e-02, 1.69947986e-02,
       -6.34384826e-02, -4.42888550e-02, 4.70543616e-02, -2.72413008e-02,
       -4.67504840e-03, -8.42202008e-02, -2.30507441e-02,
       -9.93174501e-04, 3.64621915e-02, 3.82797532e-02, -2.83009373e-02,
       8.19902774e-03, -4.34044190e-02, -6.01563184e-03, -1.62638705e-02,
       2.39786021e-02, -5.15649840e-02, -1.14940116e-02, -1.04901325e-02,
       -4.00771666e-03, -3.20967101e-02, -9.09469947e-02,
       -3.50935906e-02, -1.04092453e-02, 1.04466807e-02, 6.26128986e-02,
       8.84086732e-03, -3.30179706e-02, -4.77235653e-02, -8.62638652e-02,
       -2.73662098e-02, -5.26712500e-02, 3.38230096e-02, 6.47598207e-02,
       2.08475031e-02, 4.12332453e-02, 1.21962465e-03, -8.01257137e-03,
       -2.88281776e-02, -1.74900815e-02, -4.83069047e-02,
       -4.76576500e-02, -4.63498943e-02, -4.18167114e-02,
       -7.67272413e-02, 2.64279656e-02, 4.17366140e-02, 3.47899646e-02,
       2.92118937e-02, -6.67066351e-02, 4.01207618e-02, 1.33020454e-03,
       -1.84527002e-02, -6.91527128e-02, 1.53637696e-02, -6.49326071e-02,
       8.92074034e-03, -3.45308296e-02, -1.61754303e-02, -3.94263268e-02,
       2.42603826e-03, -2.85759270e-02, -8.80996510e-03, 5.27166724e-02,
       2.17186357e-03, -1.10363169e-02, -1.07294703e-02, -1.61335152e-02,
       8.00352078e-04, 2.50132345e-02, -4.94278744e-02, 5.74434735e-02,
       -1.73889182e-03, -6.10422418e-02, -1.28463298e-01,
       -5.04189320e-02, 4.77127880e-02, 3.04420665e-02, 2.40522511e-02,
       1.60281244e-03, -1.42176852e-01, -1.04761720e-02, -5.39939106e-02,
       -1.23913875e-02, -4.52851541e-02, -3.77146676e-02,
       -6.54536337e-02, -1.72356665e-02, -4.71935570e-02, 3.97593714e-02,
       2.75813900e-02, -2.11826824e-02, 4.22695726e-02, -2.56173741e-02,
       -3.52575034e-02, -1.15005933e-02, -4.82385270e-02, 4.51888517e-02,
       -6.05430128e-03, -2.45732740e-02, -4.10282053e-02,
       -6.39362610e-04, 1.32295219e-02, 5.43282889e-02, 5.61227538e-02,
       2.48434655e-02, 1.98568460e-02, -2.09223349e-02, -1.16249733e-02,
       1.13708004e-02, 1.10023189e-02, 4.27138321e-02, 6.18233019e-03,
       5.33222267e-03, 3.26088481e-02, 2.73215827e-02, 7.80792758e-02,
       8.60206112e-02, -1.02541926e-05, 8.80075917e-02, 8.76825005e-02,
       -4.49343622e-02, 7.45657878e-03, -4.01299596e-02, 4.15977389e-02,
       4.56785448e-02, 1.72145609e-02, 9.11707152e-03, -5.67618161e-02,
       1.90497879e-02, -5.15942462e-03, -1.72562841e-02, -3.49625498e-02,
       -7.37092644e-02, 1.43527091e-01, 2.84286831e-02, 1.50942272e-02,
       -1.61910541e-02, -6.98452294e-02, 4.99396436e-02, 2.13873181e-02,
       2.52894647e-02, -4.51604044e-03, 6.50269315e-02, -5.45457490e-02,
       -2.72181854e-02, -1.53015144e-02, -2.76889428e-02,
       -1.93963479e-02, 6.88183540e-03, 3.73378070e-03, -5.60784340e-02,
       -4.72067147e-02, -5.62312678e-02, -5.31623326e-02,
       -4.00609598e-02, 4.50611953e-03, 1.85231492e-02, -1.68082174e-02,
       -2.09958851e-02, 4.79656318e-03, 1.63763482e-02, 7.02809310e-04,
       9.49050784e-02, 2.56927498e-02, 3.92641239e-02, -4.98433337e-02,
       9.97292064e-03, 2.07899380e-02, -1.72816627e-02, -8.06604233e-03,
       2.04376895e-02, -8.21375996e-02, 2.15109307e-02, -8.91615637e-03,
       -5.38713522e-02, 2.54299585e-02, 1.19612133e-02, 1.82564855e-02,
       -8.16988871e-02, 1.33274980e-02, -5.22301579e-03, 2.47121677e-02,
       1.43350866e-02, 2.08203029e-02, 7.19882473e-02, -7.89406374e-02,
       3.88899036e-02, -2.67985314e-02, 7.69083425e-02, -5.90356439e-02,
       -4.53175120e-02, 1.99422650e-02, -5.54981306e-02, 2.99047027e-02,
       -1.44262295e-02, -8.03747494e-03, -3.34363021e-02,
       -8.41592252e-03, -1.01005565e-02, 5.20482622e-02, 8.06803927e-02,
       -5.25247268e-02, 1.41861159e-02, 3.20829973e-02, -1.40070235e-02,
