%YAML:1.0
---
matrix: !!opencv-matrix
   rows: 1
   cols: 512
   dt: f
   data: [ 6.65951371e-02, -3.23956646e-02, 2.64019947e-02,
       -5.25015183e-02, 5.55361509e-02, -1.33096508e-03, 2.31056586e-02,
       -4.82814498e-02, -4.96870838e-02, 2.73879096e-02, 2.43589543e-02,
       -7.25053623e-02, -5.00803776e-02, 8.11300706e-03, -5.82441082e-03,
       1.75907090e-02, 1.61773041e-02, 8.35917816e-02, -2.63674054e-02,
       4.93755527e-02, 6.15560748e-02, 1.27007049e-02, 3.08348984e-02,
       4.79758866e-02, 1.57046393e-02, 5.81582375e-02, 3.38330516e-04,
       4.00552936e-02, -7.10686669e-03, 4.47503338e-03, 3.07341069e-02,
       3.59298848e-02, -3.34129706e-02, -2.30620224e-02, 4.45535742e-02,
       3.32908407e-02, -4.45020646e-02, 6.43723384e-02, -1.27160130e-02,
       4.88670319e-02, -5.00645377e-02, 2.93623190e-02, -5.74765168e-02,
       -1.78727123e-03, -3.78517946e-03, 2.70737913e-02, 9.50705912e-03,
       -6.34746999e-02, 1.41581218e-03, 3.23043484e-03, -1.40631786e-02,
       3.84710878e-02, -3.99726303e-03, 5.77481911e-02, 5.52534238e-02,
       2.47498248e-02, 3.48288864e-02, -3.98056805e-02, 1.07351795e-01,
       3.39096934e-02, 8.27846453e-02, -3.72239500e-02, -1.49738640e-02,
       4.81729396e-02, -1.58557277e-02, 1.99595299e-02, 1.49341086e-02,
       2.17887219e-02, -2.35554669e-02, -2.45380942e-02, -8.42349902e-02,
       -7.22493976e-02, -8.71170592e-03, 1.17502257e-01, -2.03603562e-02,
       -5.98860495e-02, -3.69182043e-02, -6.04575425e-02, 8.82226825e-02,
       8.83812364e-03, 4.67607416e-02, 1.01013938e-02, 2.45812107e-02,
       -1.02238618e-01, -3.13862823e-02, -1.67114660e-02, 7.42046833e-02,
       7.02093393e-02, -4.72774357e-02, -4.91328575e-02, -4.55032215e-02,
       5.12061678e-02, -1.13158883e-03, -6.37865951e-03, -6.15154975e-04,
       -4.98810085e-03, -1.73648745e-02, 2.74524875e-02, 2.26714611e-02,
       -1.04774516e-02, 4.34429049e-02, -4.11719866e-02, -7.93759078e-02,
       -1.38701098e-02, -5.93003677e-03, -1.04670059e-02,
       -6.06516972e-02, 1.29228100e-01, 5.31108379e-02, 8.78703296e-02,
       -1.88685823e-02, 1.06626619e-02, 3.47541831e-02, 2.86491923e-02,
       3.74661721e-02, -1.91371590e-02, 2.16584187e-03, -4.66735549e-02,
       1.42391901e-02, -8.35828707e-02, -2.65395250e-02, -8.87376070e-02,
       3.96396630e-02, -6.65457249e-02, -5.57659902e-02, 6.63834289e-02,
       4.37477715e-02, 2.45004855e-02, 1.05631007e-02, -4.46277224e-02,
       -1.47439279e-02, -7.74420500e-02, 3.60794552e-02, -3.41394497e-03,
       2.25158259e-02, -9.30103660e-02, -1.54168140e-02, -8.16083923e-02,
       -5.52379675e-02, -1.16897766e-02, -3.83069329e-02, 7.06582218e-02,
       2.87055355e-02, 8.25628862e-02, 9.39117968e-02, -5.02625592e-02,
       -1.56452861e-02, 3.25150192e-02, 7.14919940e-02, -6.95056990e-02,
       -1.83867551e-02, 1.81265566e-02, -1.03591949e-01, -5.54080978e-02,
       -2.35352404e-02, 9.49868374e-03, 3.16649489e-02, 2.65912022e-02,
       5.15983179e-02, 7.22858086e-02, -5.94441891e-02, -3.41387801e-02,
       7.18620699e-03, 6.22110777e-02, -1.60083268e-02, 8.61196741e-02,
       -5.57922013e-02, -5.12771085e-02, -3.15320641e-02,
       -7.99176749e-03, -1.90120637e-02, -1.98629498e-02,
       -5.31608053e-03, -1.84618458e-02, 9.56457853e-02, -6.69491738e-02,
       9.38968286e-02, 7.42660044e-03, 6.21551694e-03, -2.70567685e-02,
       -9.99895781e-02, -9.33079869e-02, 5.10850514e-04, -1.19011914e-02,
       -6.63598552e-02, 1.52944103e-02, -4.25281841e-03, -4.73598726e-02,
       -1.57287810e-02, -6.38373494e-02, 6.04048781e-02, -1.47103081e-02,
       -1.35663860e-02, 3.99071686e-02, -4.54252176e-02, -2.42850017e-02,
       -3.84124890e-02, 8.25469103e-03, 2.95602810e-02, -5.77230118e-02,
       1.95256458e-03, 3.24144661e-02, 6.63682148e-02, -3.01531125e-02,
       1.03117693e-02, 9.38334037e-03, 1.10466674e-03, 3.84631455e-02,
       -1.80258639e-02, -2.08894145e-02, -3.32245827e-02, 3.25692147e-02,
       7.88029581e-02, -1.45766539e-02, -7.99000412e-02, -7.90193081e-02,
       3.87656502e-02, -6.32218868e-02, -3.28113139e-02, 8.94907396e-03,
       -6.90600276e-02, -1.03976503e-02, 3.74569814e-03, 5.29664718e-02,
       -3.41490954e-02, -7.73360506e-02, 1.29334712e-02, -3.89450118e-02,
       -3.21054459e-03, 1.45778731e-02, 4.45990041e-02, 2.68666148e-02,
       -1.07147906e-03, 5.48961535e-02, 1.10762239e-01, 1.96063109e-02,
       3.19871381e-02, -2.61896625e-02, 6.01797812e-02, -1.05019473e-01,
       5.30052930e-02, -4.80864570e-02, 6.30402192e-02, -2.51776278e-02,
       4.17635180e-02, 1.81810763e-02, 3.26122493e-02, -2.46131769e-03,
       -4.79138196e-02, 5.16596511e-02, 4.91269305e-02, 6.28095446e-03,
       1.78331137e-02, -1.17316870e-02, -5.70204481e-02, 1.43467626e-02,
       -1.15446476e-02, -1.28538273e-02, 2.56377179e-02, 3.49869095e-02,
       5.90296369e-03, -1.10693416e-02, -4.58511226e-02, -4.60949913e-02,
       1.56470090e-02, -3.01294159e-02, 7.63128623e-02, -2.12287661e-02,
       -5.55273481e-02, -6.99636489e-02, -9.68070794e-03,
       -2.04731096e-02, -5.65913841e-02, -4.02348787e-02, 1.31535055e-02,
       -5.61479703e-02, 2.89294552e-02, 2.41074315e-03, 4.69493754e-02,
       3.16110365e-02, -4.08975454e-03, -5.15409261e-02, 7.24858120e-02,
       2.89891195e-03, -9.63389724e-02, 5.74801639e-02, 1.49647351e-02,
       -2.09807269e-02, -5.03505878e-02, -2.26208307e-02,
       -1.00719361e-02, 5.16755469e-02, -1.90240331e-02, -7.00680837e-02,
       -1.56686399e-02, 2.00503189e-02, -4.20563258e-02, -1.35826105e-02,
       -5.49666062e-02, -4.09562625e-02, -1.26787769e-02, 6.96669146e-02,
       5.70207760e-02, -9.28738620e-03, 1.12756891e-02, -1.84938423e-02,
       -5.72776049e-02, -6.59713149e-03, 7.30822086e-02, 4.43956964e-02,
       -3.34132492e-04, 2.38539502e-02, -7.97609165e-02, -1.30691631e-02,
       -4.04382534e-02, -5.55793159e-02, 3.76743893e-03, 7.73449689e-02,
       9.49719828e-03, -1.84701532e-02, -4.26098406e-02, 3.24879624e-02,
       -1.97920613e-02, -3.71642374e-02, 5.75065762e-02, -1.75256561e-02,
       -9.82873794e-03, 5.54176047e-02, 4.87185419e-02, 1.85271315e-02,
       -7.05207791e-03, 1.41848847e-01, 3.64193581e-02, 8.27642903e-03,
       -5.54235606e-03, -2.10822523e-02, -2.98767891e-02,
       -1.23836342e-02, -7.04653934e-02, -2.89634969e-02, 3.45134661e-02,
       -1.18812704e-02, 6.65781721e-02, 2.24182056e-03, 1.50630549e-02,
       5.02746701e-02, -9.80711356e-03, 1.05446335e-02, -9.87220276e-03,
       2.53356751e-02, -1.31945051e-02, 4.74206405e-03, 9.43002477e-03,
       -5.64561151e-02, 3.73614929e-03, -9.53578725e-02, 1.65747255e-02,
       2.85817049e-02, 3.12618725e-02, 1.06291240e-02, -2.21751146e-02,
       5.24614640e-02, 2.25458276e-02, 1.76586974e-02, 9.90559086e-02,
       -6.90341517e-02, 3.06864101e-02, -2.09546145e-02, 4.58080173e-02,
       2.55820770e-02, -4.73688617e-02, -4.15849164e-02, -7.34649301e-02,
       8.55846554e-02, 4.63877805e-02, 5.08921072e-02, 1.93785075e-02,
       2.57794727e-02, 1.88853908e-02, -2.14994093e-03, 2.96114217e-02,
       -2.35038679e-02, 1.71203203e-02, -1.93382557e-02, -7.91315213e-02,
       -3.13305967e-02, -2.71969959e-02, -8.23818222e-02, 9.32407100e-03,
       -8.18616990e-03, 5.34673175e-03, -2.33990774e-02, -1.32874167e-02,
       -2.95261424e-02, -6.85856491e-02, 3.95205757e-03, -1.51894847e-02,
       -2.56407522e-02, 1.93474378e-04, 1.41582796e-02, -9.09280181e-02,
       3.08582429e-02, -2.94228420e-02, -4.48592380e-02, -4.26130146e-02,
       2.00826507e-02, 5.29744476e-02, 3.24509852e-02, -2.82511413e-02,
       4.52390462e-02, 7.08259176e-03, 3.38879675e-02, -3.88087556e-02,
       1.85107789e-03, 7.10382834e-02, 8.22779164e-02, -6.56491593e-02,
       -1.28761716e-02, -4.37320657e-02, -4.27536368e-02,
       -4.23118323e-02, 3.52576794e-03, -1.83320139e-02, 4.84636873e-02,
       -5.34941964e-02, 3.87367308e-02, 3.68334576e-02, 3.69623937e-02,
       -7.50649255e-03, 7.06582889e-03, -1.05200447e-02, -2.70010415e-03,
