%YAML:1.0
---
matrix: !!opencv-matrix
   rows: 1
   cols: 512
   dt: f
   data: [ -2.28237975e-02, 1.47289084e-02, -5.18254787e-02,
       2.25230996e-02, -1.08022289e-03, -5.35125546e-02, -6.02508113e-02,
       5.38613573e-02, 1.12257595e-03, -4.51215841e-02, 2.81863119e-02,
       -3.04525979e-02, -1.09481625e-02, -7.02342242e-02, 4.13827710e-02,
       -1.99893676e-03, 8.97374470e-03, -1.25724496e-02, 1.08761646e-01,
       3.83871682e-02, -3.93707352e-03, -1.38081471e-02, 8.99602994e-02,
       1.43824937e-02, -4.20687236e-02, -1.70138869e-02, -5.58800809e-02,
       -8.79429001e-03, 2.31647654e-03, 3.66774686e-02, -1.61189027e-02,
       3.10932342e-02, 5.01932800e-02, -5.03370259e-03, 4.85059917e-02,
       -5.52385151e-02, 1.72945987e-02, 3.17839608e-02, -9.05454606e-02,
       -9.52047631e-02, 6.52144775e-02, 4.63228207e-03, 9.38977115e-03,
       3.54820341e-02, 4.84754108e-02, 6.78258166e-02, -7.21692899e-03,
       2.84683015e-02, 1.69011746e-02, -5.27586937e-02, -3.60923931e-02,
       -9.23268721e-02, 1.40131479e-02, 1.56607125e-02, 4.85488921e-02,
       -3.41509953e-02, -8.16318989e-02, 3.43479216e-02, -2.40286496e-02,
       -7.34255835e-02, -6.04411997e-02, -2.09599044e-02, 6.64238539e-03,
       -6.73324475e-03, -1.43534625e-02, -1.95160490e-02, 1.88308917e-02,
       2.71745055e-04, 4.10983190e-02, -9.35656875e-02, 5.54273017e-02,
       -5.07198609e-02, -4.43159826e-02, -6.47517247e-03, 1.59489904e-02,
       2.47289483e-02, -4.78696451e-02, -6.36417121e-02, -1.08559363e-01,
       -8.29789788e-03, -3.19340900e-02, 1.69636827e-04, 9.10805445e-03,
       1.39742699e-02, 1.36455074e-02, 5.32047004e-02, -2.06959825e-02,
       4.36794162e-02, 7.23268650e-03, -6.38867244e-02, 6.27865270e-02,
       2.51710117e-02, -9.20766592e-03, 4.33744751e-02, -1.81674212e-03,
       2.75790729e-02, -3.71745639e-02, 5.95174916e-02, 2.35928986e-02,
       -2.29447875e-02, -3.29493135e-02, 6.45789504e-02, -5.32904714e-02,
       2.46977303e-02, 6.11849762e-02, 1.62404310e-03, 3.73802856e-02,
       2.86284946e-02, -7.36845145e-03, -6.87965453e-02, 4.23845537e-02,
       -2.55963188e-02, -3.17926593e-02, -2.01075785e-02, 2.93595735e-02,
       -6.61877857e-04, 3.95938121e-02, -3.18539552e-02, -8.21300521e-02,
       -1.94242410e-02, -1.11122616e-03, -8.83814842e-02, 3.91827114e-02,
       1.05515486e-02, -1.02545746e-01, 2.88081151e-02, 5.60239293e-02,
       2.64040213e-02, -1.02919228e-01, 2.70194914e-02, 1.90239900e-03,
       3.61808166e-02, -6.73094615e-02, -1.09685779e-01, 3.97029258e-02,
       1.32546062e-04, -7.43501335e-02, 1.28714284e-02, 2.26165466e-02,
       6.57981122e-03, 4.51725982e-02, -3.41549106e-02, 3.98716554e-02,
       1.41944299e-02, -1.10278418e-02, -3.35651450e-02, -1.02180503e-01,
       3.49938758e-02, 3.52649321e-03, -5.68429343e-02, -2.75480244e-02,
       6.61499575e-02, 2.93017663e-02, -1.95486890e-03, 6.14330098e-02,
       1.61141492e-02, 4.44465764e-02, -5.31363748e-02, -2.55791266e-02,
       -2.18989812e-02, -8.79922584e-02, 2.33411905e-03, -5.70474155e-02,
       6.19977713e-02, 7.40600228e-02, -6.95651118e-03, 5.53349443e-02,
       -7.45983943e-02, -2.24725176e-02, 3.60367857e-02, 1.76422391e-02,
       -1.88848395e-02, 4.52174842e-02, 5.91178574e-02, -4.35983427e-02,
       -3.10930982e-02, 5.51867438e-03, 4.85410243e-02, -3.72991301e-02,
       1.85755789e-02, 4.09166291e-02, 5.68433665e-02, 8.65860283e-02,
       4.79791351e-02, 2.79050060e-02, -4.20197286e-03, -2.73681190e-02,
       -3.58255319e-02, -3.12722139e-02, 1.45484004e-02, 3.87856141e-02,
       -4.40227725e-02, -3.93065214e-02, -1.01089835e-01,
       -3.81976925e-02, 1.32040426e-01, 5.38928956e-02, 5.17057776e-02,
       4.60356921e-02, -1.09526161e-02, -4.28583622e-02, -2.83212923e-02,
       5.59151582e-02, 3.06498539e-02, 2.01810263e-02, 8.29990581e-03,
       -1.10098533e-02, -1.18591990e-02, 1.89461112e-02, 4.05058712e-02,
       -2.70167906e-02, 3.75845954e-02, 5.90936691e-02, -3.16499313e-03,
       4.56085093e-02, -3.51426750e-02, -3.19904871e-02, -1.95995681e-02,
       -2.34625973e-02, -9.46854521e-03, 1.90120880e-02, -5.65693937e-02,
       -3.48661579e-02, 3.43005988e-03, 4.77925092e-02, -2.54759062e-02,
       3.81217413e-02, -1.23910233e-02, -9.60085690e-02, -2.78534181e-02,
       -8.32282305e-02, 2.21938770e-02, -5.97469769e-02, 1.80488490e-02,
       1.17696740e-03, 5.86989000e-02, 7.67358905e-03, -4.58293073e-02,
       1.08079128e-02, 1.04104087e-01, 3.04803029e-02, -4.61660558e-03,
       -3.14372443e-02, -9.18919221e-03, -1.15385931e-02,
       -7.61549026e-02, -2.69090831e-02, 3.63874212e-02, 2.33679581e-02,
       -3.06909066e-02, -8.38951692e-02, 3.28369439e-02, -4.21385951e-02,
       5.08079976e-02, -3.72297280e-02, -3.87207419e-02, -1.34233609e-02,
       5.27119488e-02, -7.91795477e-02, -2.01283190e-02, 2.12849025e-02,
       -7.50743225e-03, -1.54355802e-02, 6.19669817e-02, 1.05433829e-01,
       -1.96569599e-02, -7.20160827e-02, 4.66660336e-02, -2.41367929e-02,
       6.77488968e-02, 4.91720531e-03, 2.94997338e-02, -3.15099731e-02,
       4.90904227e-02, -1.15998900e-02, -6.27998123e-03, 7.75236487e-02,
       -2.27894243e-02, 2.87863500e-02, -5.26196100e-02, 1.66500658e-02,
       -1.07771661e-02, -2.07471102e-02, 3.20077688e-02, -2.19110474e-02,
       3.71943265e-02, -1.85563210e-02, 1.76881719e-02, 7.85382465e-03,
       3.37833390e-02, 1.89852975e-02, 1.74566973e-02, -5.22740334e-02,
       2.63498779e-02, -5.44125028e-02, -2.75265449e-03, 3.41925281e-03,
       -2.33125128e-03, 1.82343218e-02, -3.43749747e-02, 3.46364230e-02,
       -2.77039036e-02, 2.46711168e-02, 6.09597526e-02, -6.72558835e-03,
       -6.34708181e-02, -3.16716768e-02, -8.07856545e-02, 8.98784492e-03,
       -9.59890988e-03, -2.64312439e-02, 3.47910187e-04, -6.15897179e-02,
       2.01284513e-02, 4.64347042e-02, -7.00296741e-03, 2.91824602e-02,
       3.08655128e-02, -2.88276076e-02, 6.67567179e-02, 3.99538875e-02,
       2.33509298e-03, 4.99604568e-02, 4.78712320e-02, -1.35425599e-02,
       -2.52210833e-02, 4.08400642e-03, -1.13323862e-02, -8.72555654e-03,
       7.31769726e-02, 4.03777920e-02, -2.83812378e-02, -2.41138134e-02,
       4.27013524e-02, 2.72332300e-02, 1.23523027e-02, 3.01921051e-02,
       -2.54264362e-02, 3.99792613e-03, 7.94984847e-02, 3.65571082e-02,
       1.93117689e-02, -4.96483892e-02, 2.83006728e-02, 5.16933342e-03,
       -2.81426497e-02, 1.51837151e-02, 5.28010502e-02, 9.30301994e-02,
       -2.08457671e-02, 9.82823521e-02, -5.91062233e-02, -1.00709200e-02,
       1.12778740e-02, -6.03606179e-02, 1.09268069e-01, 5.23545668e-02,
       9.14375782e-02, -2.18427945e-02, -1.55135421e-02, -4.49813642e-02,
       -5.81342392e-02, 6.07694276e-02, -4.04474624e-02, 7.43473992e-02,
       -6.61046281e-02, -2.39171665e-02, -6.21630885e-02, 1.95011348e-02,
       4.32592779e-02, 2.91793328e-02, -3.52652632e-02, 1.04104402e-02,
       -5.21602482e-02, -3.24842855e-02, -2.42608543e-02,
       -5.10165803e-02, -1.70375817e-02, -1.31950444e-02,
       -1.11176958e-02, -4.08142470e-02, -7.09918654e-03,
       -1.22369016e-02, -9.88690648e-03, 2.50049494e-02, 1.89662038e-03,
       -3.94508131e-02, -6.74800202e-02, 2.80351681e-03, -7.41589591e-02,
       -5.41260168e-02, -3.00375279e-02, -5.35729900e-02,
       -3.19501497e-02, 5.22380583e-02, 3.75867635e-02, 7.64754787e-02,
       5.61395846e-02, 5.69699798e-03, 1.94842834e-02, -5.37033454e-02,
       -3.46941128e-02, 1.08443778e-02, -1.57327112e-02, 1.56258489e-03,
       8.04651454e-02, -1.01862162e-01, 5.86335957e-02, 2.25006347e-03,
       -4.37062569e-02, -3.91704664e-02, -9.79272127e-02,
       -1.02611743e-02, -7.15526342e-02, -1.16740596e-02, 1.29206534e-02,
       5.30184470e-02, 1.09887058e-02, 7.55955875e-02, -3.68155390e-02,
       5.73888374e-03, 5.53245889e-03, -2.97272075e-02, -1.80506229e-03,
       -4.50165160e-02, 8.95719528e-02, -3.67099908e-03, -1.85971688e-02,
       -1.32320538e-01, -5.46244197e-02, -4.83769253e-02,
