%YAML:1.0
---
matrix: !!opencv-matrix
   rows: 1
   cols: 512
   dt: f
   data: [ 6.58639371e-02, 2.25254428e-02, -7.39722848e-02,
       -2.69100368e-02, -5.03543504e-02, -2.21879110e-02,
       -9.04531218e-03, -3.86679396e-02, -1.09783933e-02,
       -3.87462191e-02, 1.28923031e-02, -3.98011040e-03, 4.94982153e-02,
       3.77562046e-02, -6.73145056e-02, -5.27091557e-04, -6.95280433e-02,
       -4.94908169e-02, -3.65846534e-03, -1.41725887e-03, 8.54183882e-02,
       4.10804711e-03, -2.69823950e-02, -5.52250585e-03, -2.09089350e-02,
       3.98936495e-02, -3.23157161e-02, 2.28561983e-02, -6.32565171e-02,
       -1.25503428e-02, 1.15400786e-02, -3.49199288e-02, -2.88675595e-02,
       -1.16406098e-01, 7.79543910e-03, 5.89221762e-03, -2.48189829e-02,
       3.41445468e-02, -1.78357400e-02, 5.02437726e-02, -9.65755507e-02,
       -5.21328934e-02, -4.49663959e-02, -5.39220264e-03, 3.94641459e-02,
       -2.65290476e-02, 3.09407115e-02, -3.72134112e-02, -1.45274820e-02,
       -1.98563188e-02, -3.80507223e-02, -1.07103772e-01,
       -2.07125973e-02, 1.11222332e-02, -3.08300406e-02, -4.65587713e-02,
       2.15423643e-03, 5.88968024e-02, 3.00844871e-02, 1.40367495e-02,
       1.51278868e-01, 2.24902593e-02, -8.26228335e-02, 1.11241369e-02,
       2.05870848e-02, -2.35270187e-02, -8.50521959e-03, 3.97660285e-02,
       2.41246428e-02, 4.78812903e-02, -1.58944782e-02, -4.46426868e-02,
       -7.18901381e-02, 3.48627120e-02, 4.71070549e-03, 3.96559015e-03,
       1.56798530e-02, 1.35937613e-02, -6.69319369e-03, -7.66791254e-02,
       -7.74238706e-02, 3.18138860e-02, 4.20392938e-02, -5.97004481e-02,
       -2.72657052e-02, -4.86007668e-02, 8.23637471e-02, 1.43194338e-03,
       -2.97271870e-02, -5.56537211e-02, -6.78136870e-02,
       -5.86366002e-03, 9.07150805e-02, -1.14287799e-02, -1.01026390e-02,
       1.37705460e-01, 1.81289967e-02, -7.98135847e-02, 7.19650611e-02,
       2.35441979e-02, 2.64858399e-02, -1.75987545e-03, -6.73846230e-02,
       -1.58610065e-02, -1.67424083e-02, 4.47332151e-02, -4.68346961e-02,
       8.27361792e-02, 8.73226225e-02, -7.16319829e-02, -5.64586706e-02,
       -7.08388612e-02, 1.72655154e-02, 3.54578458e-02, 3.29422690e-02,
       1.90087762e-02, 8.06647912e-03, -1.20966509e-01, -6.76011816e-02,
       1.53559388e-03, -2.37237811e-02, -3.96008119e-02, -3.74513604e-02,
       -3.18342261e-02, -8.14444423e-02, -2.14883853e-02, 2.98432913e-03,
       7.11418036e-03, -6.33556023e-02, -1.11409530e-01, -1.93153881e-02,
       -4.72638570e-03, -3.08877323e-03, -1.60721689e-03,
       -2.70249788e-03, 6.96065743e-03, -1.14323795e-02, 3.96444425e-02,
       -6.90693036e-02, -1.56817827e-02, -9.91906691e-03, 6.01483434e-02,
       7.05351606e-02, -1.25369132e-02, 3.90923535e-03, -6.40705507e-03,
       1.35998055e-02, 1.24453427e-02, 2.86076423e-02, -1.36651713e-02,
       -4.90286872e-02, 4.67182919e-02, 2.13040654e-02, 1.32102873e-02,
       3.48020270e-02, -5.85052520e-02, 5.99172637e-02, -5.88567881e-03,
       -5.75070605e-02, 2.32707206e-02, 4.03234661e-02, -1.46406619e-02,
       -4.06571887e-02, -1.29947551e-02, 4.82592024e-02, 4.23959047e-02,
       -2.36828835e-03, -4.33603413e-02, 1.18830772e-02, -5.52215194e-03,
       -9.30188075e-02, -3.07162870e-02, -4.65045236e-02, 3.07730734e-02,
       -4.15586047e-02, -4.47242893e-02, 5.53849488e-02, -5.51835522e-02,
       7.36384615e-02, -3.99967022e-02, 1.35745164e-02, -2.01258902e-02,
       -5.38246669e-02, -8.34190845e-03, 3.83728393e-03, 4.41649258e-02,
       -1.55316526e-03, 1.29194269e-02, 5.63347228e-02, 1.64529569e-02,
       2.94595156e-02, -4.74823825e-02, -2.20404956e-02, 7.50531405e-02,
       -9.35531631e-02, 4.16727923e-02, -3.92459519e-02, 2.96087693e-02,
       9.63952951e-03, -9.11073461e-02, 3.07273678e-02, 4.09352072e-02,
       -4.84796278e-02, 9.09151733e-02, 5.27838431e-02, 2.75222249e-02,
       3.09652667e-02, 6.15030602e-02, 4.86283423e-03, 9.73907206e-03,
       1.31520061e-02, 1.49972159e-02, 5.31850383e-02, -2.34523006e-02,
       5.36198504e-02, -5.98036647e-02, 5.78631228e-03, 3.63092981e-02,
       1.28289144e-02, -6.67655375e-03, 7.60145187e-02, -1.40779773e-02,
       -2.22297367e-02, -2.11188607e-02, -3.43723074e-02,
       -5.22471629e-02, -2.46814247e-02, 4.04395089e-02, 5.07234894e-02,
       2.03358270e-02, 1.91556066e-02, -4.58353497e-02, 1.00674806e-02,
       -6.01935722e-02, -1.82099119e-02, 3.38331312e-02, -5.17649986e-02,
       2.91581135e-02, 1.69625729e-02, -4.54738885e-02, 4.92674746e-02,
       -1.83959417e-02, -1.40757626e-02, 1.86830573e-02, -5.08670807e-02,
       1.16102044e-02, -3.63473445e-02, -6.96450993e-02, 4.79488671e-02,
       3.40114906e-02, -4.25927602e-02, 2.94950902e-02, 4.53479998e-02,
       -1.57570583e-03, -5.66558242e-02, 2.65578050e-02, -6.50448054e-02,
       2.09424421e-02, -3.47669497e-02, 1.93356220e-02, -4.31749374e-02,
       -6.72397688e-02, -5.49882650e-02, -5.03544100e-02, 5.01732416e-02,
       -2.35829987e-02, 1.03683909e-02, -9.63159371e-03, 1.09393895e-02,
       -2.13659517e-02, -2.13011838e-02, -9.28058848e-02, 3.25344354e-02,
       -1.72384977e-02, -5.18818502e-04, -7.86281750e-03,
       -1.62989199e-02, 2.83889510e-02, -5.26655130e-02, -2.91157677e-03,
       3.77275571e-02, -1.09983068e-02, -1.33845154e-02, 1.74133293e-02,
       -8.41292068e-02, 1.07188433e-01, -1.98948625e-02, 1.65060721e-02,
       2.37848666e-02, -2.71157734e-02, -4.23361845e-02, -4.09108587e-02,
       4.43066247e-02, 3.05339657e-02, -7.59233534e-03, 2.19490658e-02,
       -5.31010665e-02, 2.47349567e-03, 9.52141266e-03, 2.22156942e-02,
       -1.88640691e-02, -3.22316550e-02, 4.51137014e-02, 1.72583852e-02,
       8.79988596e-02, 2.25298367e-02, -8.51743519e-02, -5.85373975e-02,
       4.42307554e-02, 3.15230712e-02, -3.24882641e-02, 5.28813154e-02,
       -5.18467613e-02, 3.05867717e-02, -6.20882474e-02, 3.76373269e-02,
       7.22659752e-02, -5.99434320e-03, 1.95848718e-02, -1.48393301e-04,
       3.86388488e-02, -4.14840132e-02, 3.13322395e-02, -1.76500864e-04,
       4.10711505e-02, -2.16610115e-02, 3.49532589e-02, 7.43504390e-02,
       -4.08116169e-03, -1.53388986e-02, 5.19550266e-03, 5.40342517e-02,
       9.01260320e-03, -5.37827350e-02, -3.85042056e-02, -3.79449762e-02,
       5.13400808e-02, -2.48794630e-02, -3.33700748e-03, 1.54500846e-02,
       6.11340664e-02, -8.72568984e-04, 6.06769547e-02, 7.78206624e-03,
       5.91602502e-03, 6.13766685e-02, -1.97738502e-02, 9.81505215e-02,
       1.94209199e-02, -2.00824328e-02, -3.84402536e-02, 2.40863748e-02,
       -4.09342125e-02, 4.30970080e-02, -1.77954044e-02, 2.29960755e-02,
       -2.68356036e-02, 6.68067194e-04, 5.63734286e-02, -3.64331820e-04,
       5.43076359e-02, -2.51982100e-02, -3.50105129e-02, -1.74315311e-02,
       7.55500048e-02, 4.65582125e-02, -7.58783892e-02, 5.96438460e-02,
       -3.16098891e-02, 3.21434774e-02, -2.69332733e-02, -1.69316009e-02,
       -7.50115514e-02, -3.48382853e-02, 3.21124829e-02, 5.40745929e-02,
       6.12367839e-02, -1.76620688e-02, -7.97463581e-02, 4.39996161e-02,
       6.28118068e-02, -5.70648015e-02, 1.17440987e-02, 5.97796496e-03,
       4.15900685e-02, -7.35851657e-03, -1.89820323e-02, -4.71166745e-02,
       6.44176407e-03, 6.45323992e-02, 4.40935306e-02, 3.11317691e-03,
       1.08678378e-02, -8.46296251e-02, 4.00875397e-02, 7.52303796e-03,
       1.57705285e-02, -1.98557563e-02, -5.08536026e-02, -3.51607378e-05,
       6.12852117e-03, -9.62068141e-03, -3.12269665e-03, 7.28149200e-03,
       8.10241252e-02, 1.01764007e-02, 6.10280856e-02, 1.32448310e-02,
       -4.53964993e-02, -4.89580594e-02, -3.15904841e-02, 2.50482932e-02,
       -1.80136738e-03, 1.90470275e-02, 2.48749536e-02, -9.47073568e-03,
       -4.89983745e-02, 4.57194448e-02, 2.03917716e-02, -6.40373304e-02,
       6.86892495e-03, 3.03910282e-02, 4.83177835e-03, 1.01666311e-02,
       -3.95072103e-02, -1.65131334e-02, -5.36225587e-02,
       -5.40999994e-02, -2.23854072e-02, -6.75852671e-02,
