%YAML:1.0
---
matrix: !!opencv-matrix
   rows: 1
   cols: 512
   dt: f
   data: [ -2.19812039e-02, -5.29503338e-02, 2.77932547e-03,
       5.08494526e-02, -7.46073499e-02, 1.62739307e-02, -2.46346649e-03,
       -7.59834200e-02, -1.15101244e-02, -5.42604551e-02,
       -3.16142812e-02, 3.99035364e-02, -2.78049000e-02, 7.27935806e-02,
       -4.87321392e-02, 3.57168950e-02, 2.16104202e-02, -4.99352664e-02,
       -7.33619705e-02, 2.19670199e-02, 7.58782700e-02, -2.61500888e-02,
       6.12496573e-04, -2.27740072e-02, -4.85553257e-02, 4.56196442e-03,
       -4.95104194e-02, -3.75535153e-03, 8.07037111e-03, -3.98330837e-02,
       -7.07270205e-03, 9.19242576e-03, -4.47843253e-04, 1.44647136e-02,
       -6.38616383e-02, 9.43599362e-03, 3.11328750e-02, -4.87109832e-02,
       -2.11440288e-02, 1.21459924e-02, -6.19704798e-02, 3.73529606e-02,
       7.24183442e-03, -7.51670729e-03, 3.24918181e-02, -5.30342832e-02,
       7.29931099e-03, -4.17791680e-03, 1.15604170e-01, 1.58191863e-02,
       6.37848526e-02, -6.08071778e-03, 5.80140166e-02, 2.87313829e-03,
       4.95940037e-02, 7.21359998e-02, -5.71223162e-02, 7.34732524e-02,
       -2.29089651e-02, 4.52250475e-03, 1.70735791e-02, 6.34618327e-02,
       3.41577791e-02, -1.33399675e-02, -1.32771917e-02, -1.50530506e-02,
       -3.87079432e-04, -2.55007297e-02, 3.25105414e-02, 2.17857268e-02,
       -2.93998723e-03, -2.61014104e-02, 1.45309595e-02, 2.04891898e-02,
       -3.62067595e-02, -2.47034542e-02, -4.61662374e-02, 5.16405329e-02,
       -6.97893575e-02, 3.74849252e-02, -4.82346863e-02, 9.16442499e-02,
       -3.20624374e-02, -1.12846447e-02, -6.36594743e-02, 1.72277261e-02,
       -3.07174250e-02, 2.19634846e-02, 7.37462565e-02, 3.29882875e-02,
       -6.83110440e-03, 2.46723145e-02, -2.42045298e-02, -1.92115698e-02,
       2.37802304e-02, 2.49188989e-02, 1.86010715e-04, -1.07043143e-02,
       -4.52965684e-02, 5.51333837e-03, 5.73421903e-02, -7.53325969e-02,
       -3.47162219e-04, -2.19789613e-02, -3.09645329e-02, 1.22510334e-02,
       1.30785592e-02, 1.36483172e-02, 3.70684080e-02, -9.66758188e-03,
       2.90240161e-02, -7.78666092e-03, -5.21730892e-02, -3.20274495e-02,
       -4.91787046e-02, -9.80342180e-02, 1.32744405e-02, -3.51763819e-03,
       -1.79565009e-02, -4.23659459e-02, 2.20459253e-02, -6.99187815e-02,
       -3.44051160e-02, -3.05613838e-02, -4.80333790e-02, 6.11586608e-02,
       6.04259372e-02, -1.46493362e-02, -5.64233912e-03, -4.96594515e-03,
       -9.12107248e-03, 3.58684957e-02, -2.43137162e-02, 1.33175580e-02,
       2.92737465e-02, 4.27820534e-02, 7.52906427e-02, 6.97201416e-02,
       -5.09184711e-02, 7.39104627e-03, -2.42918748e-02, -9.19551682e-03,
       -1.14524931e-01, -7.13322014e-02, 1.07354438e-02, 2.13800706e-02,
       -2.49699634e-02, 4.81177419e-02, -3.60831022e-02, 4.34198938e-02,
       -2.10687034e-02, -9.66884545e-04, -2.23649349e-02,
       -3.86061845e-04, -3.90220694e-02, -1.37780677e-03, 4.08523194e-02,
       1.28945991e-01, -1.49219064e-02, -4.07075733e-02, 3.53701785e-02,
       -2.80486559e-03, -2.64799707e-02, 1.11097647e-02, -1.35374628e-02,
       -3.15715931e-02, -5.83534427e-02, 7.20528886e-02, 1.05005614e-02,
       -2.62979604e-02, -4.91685793e-02, -4.64229472e-02, 4.03949283e-02,
       -6.79978654e-02, -9.12685692e-03, 7.06197917e-02, 1.93235558e-02,
       -2.80020963e-02, -1.68865873e-03, -1.01454884e-01, 4.95468080e-02,
       -3.58494790e-03, 9.72632552e-05, 8.96842182e-02, 7.11821690e-02,
       -2.59515196e-02, -8.36516246e-02, 2.78362650e-02, -1.47478124e-02,
       -8.13064724e-03, -2.86718309e-02, -3.30318287e-02, 1.12261325e-01,
       -5.31480880e-03, -4.83815037e-02, -1.97136123e-02, 7.70540535e-02,
       5.46564721e-02, 2.54979990e-02, -2.02776007e-02, -3.85493040e-02,
       3.00428318e-03, -1.03422180e-02, -7.04388842e-02, -2.21540146e-02,
       -4.16739322e-02, 1.69826560e-02, 2.06560381e-02, 1.87200084e-02,
       7.45672174e-03, -4.37719971e-02, -6.52366653e-02, -3.39728855e-02,
       -4.30809334e-02, -6.43830448e-02, -3.71150970e-02,
       -3.88974324e-03, 1.69776520e-03, 4.25261259e-02, 6.04847670e-02,
       1.17913876e-02, -1.21853426e-02, 1.18547669e-02, 2.88610291e-02,
       -2.02605724e-02, -4.59460430e-02, -8.29622429e-03,
       -2.49592103e-02, 1.86095145e-02, 3.03192437e-02, -3.58202755e-02,
       5.01558222e-02, -2.31710020e-02, -6.00452423e-02, 2.26129941e-03,
       4.74292897e-02, 4.13936526e-02, -4.21942882e-02, 8.17688257e-02,
       -9.86979306e-02, 6.95525063e-03, -3.60642113e-02, 6.85177669e-02,
       -7.46549480e-03, -2.64485832e-02, -5.19641042e-02,
       -2.94375457e-02, 2.56968439e-02, -2.75947563e-02, -2.49273758e-02,
       -3.94611247e-02, 1.02156900e-01, 4.53751199e-02, -1.71786752e-02,
       -8.60211775e-02, 8.99583101e-03, 9.51411501e-02, 4.77854908e-02,
       2.68829484e-02, -5.23744002e-02, 3.97503302e-02, -3.32319736e-03,
       -4.88740504e-02, -2.46048197e-02, 2.53621973e-02, -5.51311783e-02,
       8.99977908e-02, 6.82368577e-02, -3.73409800e-02, -2.05262788e-02,
       -4.05556560e-02, 5.71405282e-03, 2.59209387e-02, -4.04861197e-02,
       5.47027439e-02, -4.07541133e-02, -1.41513767e-02, 4.65109646e-02,
       -2.41530710e-03, 1.58218909e-02, -4.77997325e-02, 3.61745595e-03,
       -1.16770845e-02, -5.97470738e-02, -3.14365402e-02,
       -7.81401340e-03, -3.85967339e-03, -2.16684267e-02, 5.77593967e-02,
       1.21241333e-02, -2.28546578e-02, -9.28954687e-03, -1.18453633e-02,
       1.78164933e-02, 1.68374069e-02, 8.67443085e-02, -8.94486438e-03,
       1.13980547e-02, -7.25901686e-03, -2.17974186e-02, 7.02287816e-03,
       1.35101127e-02, -4.97495867e-02, 7.74461925e-02, 4.76534218e-02,
       -8.81964341e-03, 1.47954691e-02, -8.28354806e-03, 9.20420289e-02,
       -2.37558391e-02, -2.20896807e-02, -1.61362570e-02, 1.58823617e-02,
       2.42839139e-02, -8.65725509e-04, -1.73450969e-02, 8.43531340e-02,
       -3.97036038e-02, 4.71579507e-02, 3.64373880e-03, 2.14733426e-02,
       -1.84370019e-02, 4.60787490e-03, -1.97671708e-02, -3.71950008e-02,
       1.05778173e-01, 2.67756023e-02, 6.13424703e-02, 2.83518974e-02,
       9.25811306e-02, -2.19784351e-03, 1.42389774e-01, -7.71460906e-02,
       9.08510014e-02, 5.22528356e-03, -6.62620515e-02, -3.23778167e-02,
       2.43907236e-02, 2.02478133e-02, 3.67106535e-02, -1.03318808e-03,
       1.10882306e-02, -4.35541794e-02, 1.73979141e-02, 1.80413872e-02,
       7.96678960e-02, -5.67608736e-02, 7.29654059e-02, 2.57243216e-03,
       -6.37312010e-02, 1.07694238e-01, 4.11115726e-03, -1.66672822e-02,
       1.37695353e-02, 1.32755935e-02, -6.79888651e-02, -3.60242836e-02,
       -2.62175854e-02, 2.33674943e-02, -1.49515644e-02, -3.88945453e-02,
       -4.83490527e-02, 1.90508254e-02, 3.16890026e-03, -1.03913993e-01,
       -1.58840343e-02, 6.31792769e-02, -1.50440354e-02, -3.74583267e-02,
       3.62220593e-02, -4.79243975e-03, 7.94004556e-03, -5.48106022e-02,
       -8.96918774e-02, 1.18395975e-02, 4.94408533e-02, 3.83458249e-02,
       -3.65901478e-02, 2.51767058e-02, 2.74952333e-02, 2.99513992e-02,
       -4.93781827e-02, -5.69726862e-02, 4.38235663e-02, -1.86130088e-02,
       -7.82105178e-02, 2.11642217e-03, 3.32199037e-02, -5.43226674e-02,
       -4.51212041e-02, 2.66711619e-02, 3.20632569e-02, -7.05479905e-02,
       -3.19659114e-02, -1.18180094e-02, 1.21625833e-01, -1.29796350e-02,
       8.73451307e-03, 5.15387906e-03, -9.12862923e-03, -3.34699862e-02,
       -4.66825590e-02, -4.24401835e-02, -1.87518522e-02,
       -8.84862840e-02, -2.97382548e-02, -1.80415865e-02, 3.90009619e-02,
       6.71500936e-02, -8.97630453e-02, 8.37171823e-02, 1.09201642e-02,
       -1.24855675e-02, -7.26869777e-02, 2.83882972e-02, 1.75677519e-02,
       -6.49929885e-03, 8.56759772e-02, -3.85452919e-02, -2.57644486e-02,
       -1.56822205e-02, 4.46535693e-03, 7.48990709e-03, 3.71820293e-02,
       1.41199157e-02, -5.12544438e-02, 3.11041884e-02, -6.18015975e-02,
       4.77787480e-02, 2.08023414e-02, -2.08591595e-02, -1.42438663e-02,
