%YAML:1.0
---
matrix: !!opencv-matrix
   rows: 1
   cols: 512
   dt: f
   data: [ 5.81890941e-02, 4.93237972e-02, 2.21126480e-03,
       2.97749285e-02, 8.79318360e-03, 1.47468634e-02, -3.93493511e-02,
       4.90022376e-02, 2.75274031e-02, -6.75632060e-02, -3.67856734e-02,
       -4.02287021e-03, -1.56183755e-02, -2.02958807e-02,
       -2.93479115e-02, -6.17963672e-02, -3.93791981e-02,
       -1.94864571e-02, -5.05623631e-02, 9.32310224e-02, -4.91979942e-02,
       -3.46169039e-03, 2.16323277e-03, 3.97952050e-02, 4.83186394e-02,
       -3.02437786e-02, -2.49830056e-02, 3.74619998e-02, -3.43407430e-02,
       6.23536929e-02, -5.72855100e-02, 2.30005868e-02, -6.48518950e-02,
       -2.10858341e-02, 6.23454973e-02, 3.63539606e-02, 4.72722128e-02,
       -9.22425650e-03, -4.56004404e-02, 1.85658578e-02, 8.36376101e-02,
       -3.95725034e-02, 3.68192866e-02, 2.93722525e-02, -8.62758011e-02,
       3.54128890e-02, -4.75607067e-02, -5.69583103e-02, -7.71174952e-02,
       1.01499222e-02, 1.66767985e-02, -1.93024632e-02, 4.63157780e-02,
       4.78661284e-02, 1.16680404e-02, 3.99286263e-02, -3.40125002e-02,
       6.26534596e-02, -3.22793350e-02, 1.07715819e-02, 2.49704979e-02,
       -6.47015795e-02, -2.96976278e-03, 1.01588942e-01, -8.31576511e-02,
       4.35186177e-02, 1.25511447e-02, 2.02829880e-03, 3.72690782e-02,
       -6.57907277e-02, -3.86864655e-02, 5.16583771e-02, -4.20338772e-02,
       -2.53216196e-02, -4.49232869e-02, -3.96157615e-02,
       -5.88062964e-02, -6.69579729e-02, -3.09998300e-02, 5.85707799e-02,
       3.53561640e-02, -1.03202846e-03, -4.34926152e-02, 6.94735907e-03,
       -3.83739620e-02, 1.79165863e-02, -9.11776945e-02, -2.03377958e-02,
       -3.24794166e-02, 6.78678975e-02, 1.47721600e-02, -2.75602750e-02,
       -3.64531167e-02, -2.12776531e-02, -1.01592178e-02,
       -2.77216043e-02, -1.65004004e-02, -7.53042847e-03,
       -4.74232510e-02, -5.52671263e-04, 8.07996560e-03, 1.00991599e-01,
       -4.30616364e-02, 1.27475588e-02, 5.89387231e-02, 4.25576307e-02,
       -1.77019816e-02, -1.01183215e-03, -2.04248559e-02,
       -6.45383149e-02, -6.83620423e-02, -4.00820235e-03,
       -4.28110287e-02, 1.82500370e-02, 2.70895045e-02, -2.32274048e-02,
       2.34283675e-02, 8.09778348e-02, 1.65470317e-03, -3.48260030e-02,
       -1.76178202e-01, -4.75333072e-02, 4.77042273e-02, -2.99430154e-02,
       -1.47276774e-01, -1.65202434e-03, 4.08364013e-02, 9.70559136e-04,
       3.53002362e-02, 3.91335785e-02, -3.43014747e-02, -1.76243447e-02,
       5.29254004e-02, -7.83007741e-02, -4.60702330e-02, 1.77914463e-02,
       4.87457868e-03, -3.67720611e-02, -2.89647095e-02, -3.20884548e-02,
       5.65303154e-02, -5.49142342e-03, 6.33775722e-03, -1.63062569e-03,
       -5.71692064e-02, 1.79953612e-02, -5.35292625e-02, -4.68643904e-02,
       -1.38789359e-02, -5.26582412e-02, 2.52698977e-02, 5.48733100e-02,
       5.83762079e-02, -2.77661476e-02, -3.28811333e-02, -2.55220123e-02,
       4.52774018e-02, 3.06116957e-02, 3.94577533e-02, -1.39740715e-03,
       3.63345034e-02, 4.39200401e-02, -4.12051529e-02, 5.39909266e-02,
       2.36992203e-02, -4.56291512e-02, 3.55067267e-03, -7.18675777e-02,
       -2.11750399e-02, 3.76830138e-02, -7.73544386e-02, 4.17839363e-02,
       5.05559705e-02, 6.13374896e-02, 4.51678149e-02, -8.15468952e-02,
       6.02599308e-02, 7.73467962e-03, 5.27595282e-02, -1.78895444e-02,
       -3.16979364e-02, -3.92930396e-03, -1.11462818e-02,
       -8.39616284e-02, -6.50572181e-02, 1.96551103e-02, -3.67398374e-02,
       -2.66947597e-02, -9.41644516e-03, -8.38427693e-02, 1.81712788e-02,
       4.34981510e-02, -3.04050278e-03, 1.42215826e-02, -1.79818999e-02,
       7.80720934e-02, 2.16165539e-02, 1.51989404e-02, 6.67560892e-03,
       1.69159041e-03, 6.67221695e-02, -3.41971591e-02, 6.61677942e-02,
       4.52927686e-02, 8.49489421e-02, -7.19430950e-03, 9.56486911e-03,
       -2.34749764e-02, -4.09428328e-02, 1.10280722e-01, 2.55808067e-02,
       -4.12638523e-02, 7.85102546e-02, 6.28511701e-03, -6.37323707e-02,
       1.41046615e-02, -3.64970118e-02, 9.50226502e-04, -2.50779744e-02,
       -5.47989123e-02, -4.95164506e-02, 1.30077079e-02, -1.63933095e-02,
       -2.66252868e-02, 3.93937528e-02, -4.34070677e-02, -6.76527387e-03,
       -1.97622906e-02, 5.61258905e-02, -1.03435004e-02, 3.60734686e-02,
       -8.27322621e-03, 4.00091931e-02, -3.73449810e-02, -2.08379924e-02,
       2.12869281e-03, 1.64563842e-02, -1.87608767e-02, -3.04175983e-03,
       -1.69488616e-04, 3.75514477e-02, -5.56450011e-03, -1.76738240e-02,
       3.46220024e-02, -5.03395312e-02, 5.88252097e-02, -6.95753396e-02,
       -1.20915072e-02, -1.30985500e-02, 5.71920797e-02, 1.67480949e-02,
       1.33846048e-02, -7.44441301e-02, -2.88288202e-02, -6.70050904e-02,
       3.73765863e-02, 7.84431547e-02, -2.29010396e-02, -2.57043876e-02,
       7.01184124e-02, 2.82301195e-02, 2.84384983e-03, -3.24822776e-03,
       1.72117688e-02, 4.99743409e-02, 3.11522931e-02, -8.14615637e-02,
       5.55257574e-02, -3.61657962e-02, 5.15158661e-02, -1.15604540e-02,
       -8.91011581e-03, -7.05619622e-03, -1.34332897e-02,
       -3.11076529e-02, 5.07900082e-02, -7.15475436e-03, 5.00476547e-02,
       -2.66450346e-02, -9.50573906e-02, 2.80444510e-02, 1.56070329e-02,
       -8.51843059e-02, 4.39721867e-02, -9.90041997e-03, 3.06103658e-02,
       -1.84802972e-02, 2.30633318e-02, 1.37538677e-02, -1.39851244e-02,
       2.94173229e-02, 7.63576403e-02, 4.62882258e-02, -1.93718188e-02,
       3.82993706e-02, -6.63884804e-02, 3.43044065e-02, -1.24942549e-02,
       3.99077758e-02, 2.39246227e-02, -5.87710273e-03, -4.05411646e-02,
       1.94309708e-02, 2.44848747e-02, -4.67692055e-02, -3.02568022e-02,
       -2.47419113e-03, -1.59755442e-02, 3.07453685e-02, 8.62387493e-02,
       -2.64913798e-03, 5.66665903e-02, -1.78021695e-02, -7.09656775e-02,
       -1.82681642e-02, 6.66757626e-03, 2.96666287e-02, 2.46381685e-02,
       -5.00920899e-02, 4.41537164e-02, -2.27845255e-02, 5.62979616e-02,
       6.08270653e-02, 2.86779337e-04, 4.09777053e-02, 8.86286795e-03,
       -3.32029909e-02, 3.07244398e-02, 1.29837887e-02, 3.93889435e-02,
       2.28040535e-02, 2.71613151e-02, -3.37490663e-02, 7.79910712e-03,
       7.76124094e-03, 4.08564918e-02, 1.11936815e-01, 7.56055862e-02,
       -4.27145399e-02, 2.90021617e-02, -9.86613054e-03, -9.49330162e-03,
       1.54115893e-02, -3.38739865e-02, 2.51313671e-02, 1.16307419e-02,
       2.51937676e-02, 4.02637981e-02, 3.89833413e-02, -3.68836559e-02,
       -5.90491444e-02, -9.64464061e-03, 1.19494377e-02, -9.16121155e-02,
       -1.20455228e-01, 2.16658171e-02, 5.44761010e-02, -2.49402039e-02,
       5.93541153e-02, 1.81272055e-03, 1.99343041e-02, -5.45420013e-02,
       3.66964471e-03, -3.99922170e-02, -1.76493526e-02, 4.76944409e-02,
       -8.48039892e-03, -5.43117262e-02, -2.61119218e-03, 1.68860219e-02,
       -6.21114820e-02, 2.28210241e-02, -7.00978264e-02, -8.45005270e-03,
       5.11630625e-02, -3.32571603e-02, 2.92628282e-03, -2.84270011e-02,
       -2.14712825e-02, -5.03213927e-02, -4.90348451e-02,
       -3.10884952e-03, -1.46197639e-02, 1.59119610e-02, -9.58584845e-02,
       5.80385607e-03, 2.14263462e-02, -3.39240767e-02, 9.50756744e-02,
       -1.01695873e-01, 1.02452479e-01, -2.52183469e-04, -2.97162160e-02,
       1.40361236e-02, -5.71340928e-03, -1.03723658e-02, -8.72202683e-03,
       2.24953350e-02, 6.01706542e-02, 4.02708712e-04, 8.50833114e-03,
       -5.95638305e-02, 7.30083361e-02, -8.55527073e-02, 1.99257042e-02,
       1.16014965e-01, -4.40615155e-02, 1.44294892e-02, -9.75804590e-03,
       2.07874607e-02, -5.11533953e-02, -3.95349823e-02, 2.91554444e-02,
       -4.89425175e-02, 7.78021365e-02, -5.12358099e-02, -3.64454351e-02,
       1.78619400e-02, 6.83863387e-02, -8.02258253e-02, -8.02166387e-02,
       -1.11568011e-02, -3.78462300e-02, 1.70362853e-02, -1.45801241e-02,
       -1.95432063e-02, -1.31646628e-02, 2.72962991e-02, -4.69595753e-02,
