%YAML:1.0
---
matrix: !!opencv-matrix
   rows: 1
   cols: 512
   dt: f
   data: [ -5.97646460e-02, -4.59591821e-02, -2.26699710e-02,
       -2.45990455e-02, 3.62660475e-02, -2.33336147e-02, 3.70652340e-02,
       2.74052564e-02, -6.37691468e-02, 2.95798182e-02, 2.56607234e-02,
       -2.17687245e-02, 1.92914288e-02, 1.54468659e-02, -1.04042791e-01,
       -7.63588399e-02, -5.18849790e-02, -4.19287896e-03, 2.12281179e-02,
       2.03631856e-02, -5.97514957e-02, 6.88524470e-02, -4.86443676e-02,
       6.22877590e-02, 5.80034368e-02, 3.13465297e-02, -4.97878157e-02,
       -2.12608045e-03, 5.14858402e-02, -1.75300986e-02, 7.22097605e-02,
       -1.45184062e-02, 3.36451679e-02, 3.05995811e-02, 4.02132310e-02,
       -2.73093972e-02, 2.23859139e-02, 8.34496634e-04, 2.19524074e-02,
       -2.14023031e-02, 9.09944847e-02, -4.13739607e-02, -4.47781757e-02,
       5.48768789e-02, 3.45375240e-02, -4.67883161e-04, -3.64700593e-02,
       8.39277729e-03, -1.28628118e-02, 1.13442717e-02, -1.89183820e-02,
       1.62834693e-02, -5.17037436e-02, -4.24754992e-02, -3.63234542e-02,
       -6.55750220e-04, 3.48529145e-02, 7.40241781e-02, 2.95454338e-02,
       -1.66190714e-02, -7.09569640e-03, -9.96867195e-03,
       -8.73898789e-02, -5.33167794e-02, 8.68141651e-02, -3.42496522e-02,
       8.51785392e-02, -2.91385502e-02, -1.91356782e-02, 8.29698667e-02,
       -4.29591797e-02, -5.49114384e-02, -1.01776124e-04,
       -3.25232442e-03, -6.30058795e-02, 5.69773130e-02, -1.04296720e-02,
       1.61592141e-02, 2.17845831e-02, -1.29037291e-01, -3.38209085e-02,
       3.12364381e-02, 1.99608639e-05, -1.86572298e-02, -9.82934535e-02,
       -4.03119884e-02, -8.88950191e-03, -3.53531614e-02, 1.12735718e-01,
       1.51670363e-03, -1.40490336e-02, -1.24458373e-02, -2.39030216e-02,
       6.68663085e-02, -2.75560077e-02, -3.67670357e-02, -2.61524301e-02,
       2.07729898e-02, 2.14776229e-02, -4.59390804e-02, -2.75765248e-02,
       6.22688010e-02, 3.21818776e-02, -1.03194546e-02, 4.27231714e-02,
       4.55059186e-02, -2.32898947e-02, -1.16231656e-02, -7.54264230e-03,
       6.09213114e-03, 3.03470641e-02, -2.19258834e-02, 6.22452870e-02,
       3.87381352e-02, -2.37671491e-02, -7.39740506e-02, 4.52683866e-02,
       -2.18926556e-03, 5.46589121e-03, -3.31623927e-02, 5.55149689e-02,
       -2.86073908e-02, 1.29397288e-01, -2.03660987e-02, -1.12892846e-02,
       -3.52981826e-03, 5.82335480e-02, 4.12686542e-02, -2.97044087e-02,
       8.81544501e-03, -3.25436401e-03, 4.27068993e-02, 2.79573016e-02,
       -8.18462018e-03, -8.67873617e-03, -8.59217495e-02,
       -1.62796509e-02, -1.22893211e-02, -6.20264821e-02, 3.50885577e-02,
       6.27840264e-03, 6.91987723e-02, 5.86602371e-03, 2.75936369e-02,
       4.93127853e-03, -5.22322059e-02, -5.63795827e-02, 3.69957052e-02,
       1.13589887e-03, 3.38232853e-02, -5.98588921e-02, -4.03896123e-02,
       -9.85801779e-03, -5.10117561e-02, -2.29047835e-02, 4.11618128e-02,
       3.06746960e-02, 3.22579555e-02, -3.16829910e-03, -4.41370755e-02,
       -3.52866538e-02, -2.29537804e-02, 2.21670661e-02, 1.11836717e-01,
       -1.36022028e-02, 4.62199189e-02, 3.81593443e-02, -7.87561983e-02,
       6.03395589e-02, 8.70015565e-03, 3.74828763e-02, -2.61661373e-02,
       2.82404181e-02, 3.16601284e-02, -7.51269013e-02, -3.39912064e-02,
       -4.01227400e-02, 7.78849423e-02, 2.42484156e-02, 6.75428137e-02,
       3.19390260e-02, 2.89660506e-02, -4.03509621e-04, -3.56333028e-03,
       -4.26722132e-02, -1.14389556e-02, -5.96113764e-02,
       -5.37337661e-02, -1.01772606e-01, -2.38801315e-02, 2.82277428e-02,
       -2.19891723e-02, 2.07750071e-02, -4.99490425e-02, 1.64236353e-05,
       -1.35070132e-02, 1.80356558e-02, -2.24692039e-02, -3.31526576e-03,
       -8.63994807e-02, -9.94281564e-03, 1.07523729e-03, 8.63182694e-02,
       -5.55349141e-02, 3.62447500e-02, 2.24744584e-02, 2.48119049e-02,
       2.67468039e-02, -4.25941870e-03, 6.46421239e-02, -3.93507816e-03,
       5.62230535e-02, 3.71422581e-02, -6.34048879e-03, -5.08335605e-02,
       6.07413910e-02, -2.73506027e-02, -3.15191895e-02, -2.34255586e-02,
       -5.49994633e-02, 3.84615995e-02, -3.55502106e-02, -1.44198397e-02,
       1.57656544e-03, -5.83930835e-02, -1.58535875e-02, 1.77895930e-02,
       8.42542294e-03, 5.75855114e-02, 1.46666439e-02, 2.32674479e-02,
       -9.20115691e-03, -2.57314015e-02, -1.93538591e-02, 8.39574356e-03,
       3.03095877e-02, 3.42701115e-02, 9.91845876e-03, -4.87907603e-03,
       4.38658856e-02, -6.21578954e-02, 3.27543728e-02, -5.41792251e-02,
       -5.50310407e-03, -2.09029745e-02, -1.20782144e-01,
       -2.41495259e-02, 3.76246758e-02, -1.06236868e-01, -1.60873141e-02,
       -1.87302437e-02, 9.85305198e-03, -1.03554986e-01, 1.21125272e-02,
       -3.68034169e-02, 1.22828316e-02, 3.48840915e-02, -2.43613310e-02,
       -3.69355194e-02, 1.87379345e-02, 4.71521243e-02, 3.89554128e-02,
       -1.81641951e-02, -2.66242679e-02, -3.84650044e-02,
       -3.11216451e-02, -5.50957844e-02, 2.71992870e-02, -4.61727865e-02,
       -2.94382963e-02, 1.00851455e-03, 3.97277921e-02, 1.89886168e-02,
       5.34093380e-02, 6.12798706e-03, -2.01427080e-02, -2.69494578e-02,
       4.63340171e-02, -2.26884391e-02, 2.97658034e-02, 4.94908690e-02,
       1.38366036e-02, -4.30788286e-02, -4.60298557e-04, -2.15949584e-02,
       -5.01471721e-02, -1.01654669e-02, 3.16722691e-02, 5.46883652e-03,
       -2.31895614e-02, -1.01163136e-02, 1.11317255e-01, 4.05306444e-02,
       -3.72378416e-02, -8.79443809e-03, 2.32759537e-03, 9.35370550e-02,
       -1.18182302e-02, 4.98852767e-02, -1.07677937e-01, -4.00886387e-02,
       8.77172314e-03, -3.88015844e-02, 5.29393554e-02, -4.51158173e-02,
       -1.35091192e-04, -6.81264624e-02, -2.00861003e-02, 6.79375231e-02,
       -3.79284769e-02, 9.03504808e-03, -6.21423535e-02, -3.70164290e-02,
       1.65357031e-02, 4.96397167e-02, -6.44786470e-03, -3.68410572e-02,
       1.05739728e-01, 7.81719014e-02, 1.71814598e-02, 6.84400275e-02,
       -6.37023449e-02, -9.84088797e-03, 6.11910075e-02, -3.11129019e-02,
       1.76106789e-03, 8.44738819e-03, -5.28478324e-02, -1.47605792e-03,
       -4.63807024e-02, 2.12423075e-02, -2.32495256e-02, -1.37613177e-01,
       2.20822319e-02, 4.36881185e-03, -6.52122637e-03, -2.94572636e-02,
       -3.73379216e-02, 1.48176225e-02, -7.75185078e-02, 8.36008117e-02,
       -2.68330164e-02, 1.48351602e-02, 4.69696037e-02, -1.12708576e-01,
       4.36023101e-02, 9.50660979e-05, -3.46534960e-02, 3.85160260e-02,
       -4.66337949e-02, -5.29228523e-02, 1.73336435e-02, -1.19089242e-02,
       -3.69464373e-03, -1.95743684e-02, -4.19189036e-03, 9.62288864e-03,
       -5.89372814e-02, 3.62143517e-02, -3.38568427e-02, 5.33755403e-04,
       3.12836654e-02, 1.77179859e-03, -8.03921521e-02, -2.65886495e-03,
       3.36064259e-03, -3.73272002e-02, 2.19810046e-02, -1.29064079e-02,
       1.16562620e-02, 5.54583259e-02, 7.72610903e-02, 4.27079909e-02,
       -7.97894672e-02, 2.81292479e-03, 2.31362619e-02, -4.41581680e-04,
       -2.26033386e-02, -2.45648809e-02, 4.06212397e-02, -1.78142246e-02,
       -4.37160842e-02, -4.02702317e-02, 3.86933871e-02, -2.47349410e-04,
       8.40101242e-02, -1.88404471e-02, -4.44546603e-02, 1.26203513e-02,
       -4.10082564e-02, -1.68648828e-02, 1.91812664e-02, -5.25661297e-02,
       -3.54643650e-02, -8.84482265e-03, 3.06395832e-02, -5.29118115e-04,
       6.67315861e-03, -3.29723358e-02, 1.25728417e-02, 5.91460057e-02,
       -9.42754466e-03, -2.45832708e-02, 9.84855145e-02, 9.91250873e-02,
       -5.32939620e-02, -2.97104903e-02, -3.65706421e-02, 4.55361083e-02,
       6.29462227e-02, 3.23929712e-02, 1.42700197e-02, -1.00986458e-01,
       2.27138419e-02, 3.38022187e-02, 1.50822001e-02, -2.09989492e-03,
       7.00912774e-02, 6.30137548e-02, -8.09228569e-02, 1.01837665e-02,
       3.44612002e-02, -2.21409574e-02, -1.21148229e-02, -9.39577147e-02,
       5.74844629e-02, -2.11801156e-02, -2.99995989e-02, -9.87010673e-02,
