%YAML:1.0
---
matrix: !!opencv-matrix
   rows: 1
   cols: 512
   dt: f
   data: [ -2.47405004e-02, 1.97152030e-02, 1.65992808e-02,
       -2.17158850e-02, -2.01104041e-02, -1.09223619e-01, 6.31734133e-02,
       1.10603189e-02, 5.03083877e-02, -7.70331174e-03, -9.46833491e-02,
       -1.50688561e-02, -3.13498899e-02, -5.87831847e-02,
       -1.05071615e-03, 2.01391615e-02, -5.74212670e-02, 1.10126399e-02,
       -8.03282671e-03, 8.10816605e-03, 2.92949732e-02, 9.83369770e-04,
       5.07990569e-02, -4.08223458e-02, -1.29397921e-02, 4.43120413e-02,
       1.15940683e-02, -1.54249193e-02, 1.88430920e-02, -5.84465787e-02,
       6.41560629e-02, -5.98326465e-03, -3.94782655e-05, -3.68976220e-02,
       4.82488610e-02, 6.07097782e-02, 1.58679948e-04, 3.43899615e-02,
       -9.13767237e-03, -1.48314638e-02, 6.07609050e-03, 4.15617302e-02,
       9.12126061e-03, 3.24235111e-03, 2.95347460e-02, -6.56320006e-02,
       -9.84288659e-03, 4.15344238e-02, 1.12000788e-02, -5.19305468e-03,
       1.93719193e-02, -1.83692873e-02, 2.56587728e-03, 1.44421980e-02,
       4.69015688e-02, -2.77050063e-02, -1.81633104e-02, 7.94278830e-03,
       4.51403260e-02, -5.16029596e-02, -5.45351431e-02, 5.19210733e-02,
       -3.51724438e-02, 2.62600556e-02, 2.78498884e-02, -3.22937705e-02,
       1.90258287e-02, 1.13355517e-01, -8.15266073e-02, 2.92564016e-02,
       3.36814821e-02, -7.38448501e-02, -4.87645343e-02, 7.85605703e-03,
       2.43655872e-02, 1.91117246e-02, -1.34158758e-02, 5.30577078e-02,
       -6.50621876e-02, -1.72690372e-04, -6.32920265e-02,
       -6.25900552e-03, 3.52834649e-02, -2.88291997e-03, 3.69672850e-02,
       9.32902545e-02, 1.24045936e-02, -8.20631757e-02, -2.38636248e-02,
       -2.96563618e-02, 4.95171174e-02, 2.15716567e-02, 3.07997484e-02,
       -4.49124398e-03, -2.58943681e-02, 1.48833292e-02, 5.22977635e-02,
       -5.08312583e-02, 2.52824742e-02, -4.25110534e-02, 1.95608791e-02,
       9.48598087e-02, -3.65153216e-02, 1.80679131e-02, 5.32146879e-02,
       -3.17484997e-02, -7.87048414e-02, -2.24199076e-03, 4.28607641e-03,
       1.00164656e-02, -2.48579998e-02, 5.99203259e-02, 2.77615921e-03,
       1.30192749e-02, 1.00183621e-01, 4.07383926e-02, 6.53992295e-02,
       -5.64077571e-02, -1.25347264e-02, -4.44827639e-02,
       -2.38919277e-02, -7.66568333e-02, 1.94741003e-02, -2.66861506e-02,
       4.10111099e-02, 8.00266936e-02, 4.95343208e-02, 1.38020114e-04,
       2.37051807e-02, -8.30726698e-02, 5.73141240e-02, 9.88306329e-02,
       -1.09480480e-02, -1.04078865e-02, -1.96776097e-03,
       -1.95638184e-03, 2.57974081e-02, -1.47850215e-02, -2.20322441e-02,
       -1.93584356e-02, -1.01243565e-02, 7.28482231e-02, 2.38574594e-02,
       6.17238991e-02, -3.83654088e-02, -3.76793109e-02, -8.31207186e-02,
       1.50425741e-02, 1.16000641e-02, 1.87095925e-02, -8.14188365e-03,
       3.89867127e-02, 5.86329587e-02, -9.81101673e-03, 2.94814594e-02,
       4.42861579e-02, -4.10979502e-02, -6.56147897e-02, 1.27323316e-02,
       -4.91090380e-02, -4.12399806e-02, -1.96805131e-03,
       -3.48570347e-02, 3.49678174e-02, 7.41361752e-02, 2.85927719e-03,
       2.53587700e-02, -4.74271961e-02, 1.03617227e-02, -3.63255292e-02,
       8.55694637e-02, -4.49600630e-02, 4.52079903e-03, -1.91279054e-02,
       9.49965417e-02, -1.82824079e-02, 7.59317866e-03, -3.55944037e-02,
       -2.18834616e-02, -1.60899945e-02, -1.55437263e-02,
       -3.86887975e-02, 1.67593863e-02, 6.89212009e-02, 2.42318842e-03,
       -1.10374875e-01, -3.90735902e-02, -1.39450356e-02,
       -1.54648451e-02, -3.39508317e-02, 5.62021397e-02, 2.59164106e-02,
       -4.20500599e-02, -2.35351752e-02, -4.61020321e-02,
       -1.59968287e-02, 2.61340179e-02, -4.55230894e-03, -2.57167313e-02,
       -5.46881370e-02, 4.53517474e-02, 4.22077402e-02, -2.36228015e-02,
       4.02767882e-02, -5.71998060e-02, -9.82039794e-03, 4.67774495e-02,
       7.39914328e-02, -6.36947453e-02, -1.81639399e-02, -5.78816831e-02,
       -3.72936297e-03, 5.36239706e-02, -7.78905675e-02, 2.48138737e-02,
       -1.93996169e-02, -8.39904230e-03, 1.93705391e-02, 4.83341515e-02,
       1.82992164e-02, -6.12511523e-02, -1.16151981e-01, 5.77990897e-02,
       4.34546247e-02, 2.49260869e-02, -1.83219854e-02, 7.04660863e-02,
       1.01594152e-02, 1.31399902e-02, -7.25934878e-02, -7.58353025e-02,
       -2.74984799e-02, -1.89499501e-02, 1.62411444e-02, -4.33112942e-02,
       2.68882867e-02, -1.99454371e-02, -3.90056744e-02, -4.02860232e-02,
       -2.66496576e-02, 2.22954825e-02, -1.16584726e-01, 8.88969898e-02,
       1.68560315e-02, 6.58511072e-02, -6.37581050e-02, 3.52541655e-02,
       -3.62956859e-02, -6.73835911e-03, -1.91483460e-02,
       -3.77859809e-02, -6.29076175e-03, -5.57708666e-02,
       -5.74212186e-02, 1.93946213e-02, -8.19908679e-02, -1.54281892e-02,
       -9.22576338e-03, -7.27843270e-02, 7.48016238e-02, -6.70737550e-02,
       -1.43439854e-02, -1.04306052e-02, 4.54974100e-02, 3.27779092e-02,
       -5.81059512e-03, -2.52270624e-02, -1.71073731e-02,
       -4.38068248e-02, -5.50452247e-02, 1.20481546e-03, 5.24676666e-02,
       -3.41846496e-02, 5.88367954e-02, 1.99276917e-02, -4.33968604e-02,
       6.16460368e-02, -1.88725498e-02, 1.05015159e-01, -3.67940217e-02,
       -5.78244478e-02, 8.19031522e-02, -6.01058314e-03, 1.58504043e-02,
       -8.16405490e-02, -7.55101210e-03, -4.82326262e-02, 1.26529504e-02,
       2.62465910e-03, -5.63258231e-02, 2.48760451e-02, -1.16613163e-02,
       -3.09467874e-02, -6.52962849e-02, -2.03028787e-02, 3.03740259e-02,
       -6.78213686e-03, -2.64113527e-02, 5.69081083e-02, 3.58733744e-03,
       5.80825144e-03, -4.48309295e-02, 1.22638106e-01, 7.46261105e-02,
       3.33297178e-02, 1.78445503e-02, -6.27456745e-03, 4.00762931e-02,
       -2.74545234e-02, -2.28365092e-03, 1.56101789e-02, 5.56723103e-02,
       -4.26338129e-02, -2.84978542e-02, -1.14184059e-01, 2.07112804e-02,
       4.54712883e-02, 3.98465730e-02, 1.66357644e-02, -2.26857755e-02,
       -1.55345146e-02, 1.46357752e-02, -4.83355857e-03, 5.84581541e-03,
       9.07024834e-03, 6.25495054e-03, 1.97091489e-03, 9.32595879e-03,
       3.21963206e-02, 2.52605951e-03, 7.66754523e-02, -3.28271985e-02,
       5.32326587e-02, 3.07200942e-02, 7.72277042e-02, 4.19753343e-02,
       -3.31761278e-02, -2.88321124e-03, -7.48301819e-02,
       -6.50281236e-02, 7.75568709e-02, -8.46274868e-02, 1.17203463e-02,
       -2.72646900e-02, -7.24797025e-02, -1.32367676e-02,
       -5.81402630e-02, -1.55872079e-02, -1.74503122e-03, 7.94560388e-02,
       5.71452677e-02, -6.17985763e-02, -4.77883555e-02, -5.29559376e-03,
       3.92750986e-02, 7.32017905e-02, 1.62999667e-02, -3.25793796e-03,
       -4.17672470e-02, -6.14550412e-02, -1.67897400e-02, 2.24023387e-02,
       -4.29455116e-02, 7.04171434e-02, -3.43324221e-03, -3.70949693e-02,
       1.17534790e-02, -1.04445785e-01, 1.74821783e-02, 3.07358690e-02,
       -6.23942912e-03, -4.56921980e-02, 4.13246453e-02, 2.24101525e-02,
       -7.06488639e-02, -3.14676389e-02, -5.49370311e-02, 3.69832516e-02,
       -3.45688164e-02, -1.23758968e-02, 2.13010907e-02, -7.84685556e-03,
       -2.88954396e-02, -6.68032765e-02, 4.94473577e-02, -4.39559333e-02,
       -1.95892211e-02, -9.99768525e-02, 2.15984918e-02, -3.59731470e-03,
       1.11853648e-02, 7.03459047e-03, -4.99229208e-02, -1.19243218e-02,
       2.99190953e-02, 1.19590452e-02, 8.34043697e-02, 1.70216933e-02,
       2.14269310e-02, -5.55178849e-03, -1.09150121e-02, -1.11132693e-02,
       3.22662406e-02, -7.83049837e-02, 1.62443500e-02, -1.61008034e-02,
       -9.76585317e-03, 9.46765020e-03, -4.79229027e-03, 1.66346468e-02,
       7.80471973e-03, 5.06112236e-04, 1.53835015e-02, 2.33947597e-02,
       3.90549377e-02, -2.67358460e-02, 5.16132042e-02, 4.28978316e-02,
       -8.19392910e-04, -9.66033340e-02, 3.31984907e-02, 3.20784003e-02,
       3.34096700e-02, -1.04118837e-02, 3.36771570e-02, 7.08043054e-02,
       -9.67088342e-03, 3.28877568e-02, 1.52536994e-03, 6.25463203e-03,
