%YAML:1.0
---
matrix: !!opencv-matrix
   rows: 1
   cols: 512
   dt: f
   data: [ -2.00741217e-02, 1.94812864e-02, -3.59245054e-02,
       -4.95355912e-02, 1.23822298e-02, -3.83470915e-02, 3.52048501e-02,
       -1.06762880e-02, 2.26287078e-02, 4.07820232e-02, -2.83147898e-02,
       -7.54068941e-02, -3.10497750e-02, -1.07548321e-02,
       -9.36427247e-03, -1.90135110e-02, 8.93411320e-03, 3.62165682e-02,
       -1.44402683e-02, -3.48057412e-02, -5.76221384e-02, 3.42400149e-02,
       -1.57745294e-02, 3.58820222e-02, 1.46745853e-02, 7.33040795e-02,
       -1.16332099e-02, 9.19159204e-02, -7.04359710e-02, 2.51125190e-02,
       1.05110548e-01, 1.68845262e-02, 9.84349400e-02, -3.31166014e-02,
       4.21775915e-02, 2.81734299e-03, -2.12877952e-02, -8.99791941e-02,
       7.53597692e-02, -2.49603055e-02, 6.16319431e-03, -3.07396724e-04,
       4.01045978e-02, 6.19040839e-02, 3.41834389e-02, 8.45329091e-02,
       -4.04113438e-03, 1.54334893e-02, 3.64199206e-02, -2.20555570e-02,
       -5.00859171e-02, 1.25222355e-02, 7.07851425e-02, 7.49612823e-02,
       1.80633161e-02, -2.15845574e-02, 3.53088714e-02, 2.60983538e-02,
       5.53231984e-02, -8.58811755e-03, 9.87974554e-02, -1.07327551e-02,
       5.09199919e-03, 4.75289077e-02, 4.36433125e-03, -1.85101610e-02,
       -1.19102580e-04, 1.95638705e-02, 2.93298904e-02, 8.49909857e-02,
       1.60399061e-02, -4.31927703e-02, -1.27561567e-02, 6.93174973e-02,
       8.11325759e-03, -9.40142274e-02, -7.17008784e-02, -6.65116608e-02,
       -1.85629204e-02, 6.02150243e-03, 1.09749548e-02, -1.60207644e-01,
       6.47535920e-02, -1.06639236e-01, -1.15092658e-02, -7.38881603e-02,
       -5.09740459e-03, 1.67060327e-02, -3.77983339e-02, -1.18734185e-02,
       2.79393271e-02, 1.93073379e-03, -7.94574246e-02, 3.63371857e-02,
       -5.39146587e-02, 1.23725180e-02, -1.43320998e-02, 2.01879386e-02,
       -4.87900376e-02, -1.43604935e-03, -1.62844770e-02,
       -1.88624859e-02, -4.53296378e-02, -4.16532271e-02,
       -7.04223290e-02, 6.69854283e-02, -7.64207542e-03, -8.04187637e-03,
       -6.15876652e-02, 7.92191848e-02, 3.53698758e-03, -2.31338665e-02,
       6.52009528e-03, 3.62729207e-02, -3.76077518e-02, -5.39529957e-02,
       3.61563936e-02, 9.54245310e-03, 1.36091663e-02, -7.94049501e-02,
       -4.70280647e-02, -2.86486093e-02, -3.28872018e-02,
       -6.40015525e-04, -7.18323216e-02, 8.56729746e-02, 6.74802661e-02,
       1.42820994e-03, -3.07581183e-02, 7.95941707e-03, -2.54922900e-02,
       -2.44226772e-02, -1.05077922e-02, 4.06696126e-02, -3.39459032e-02,
       -4.40151542e-02, 9.46835056e-03, -1.15381088e-02, 2.09342055e-02,
       -8.76851496e-04, 3.06790825e-02, 1.06622793e-01, 2.38373633e-02,
       -1.05395932e-02, -4.70692068e-02, 2.45202612e-02, 2.00240384e-03,
       -2.33756974e-02, 3.51791121e-02, -3.88458669e-02, -6.22551888e-02,
       3.22364829e-02, -2.28400528e-02, 1.07885571e-02, 1.68075375e-02,
       3.36610638e-02, 1.01336027e-02, 2.70720236e-02, 2.47847158e-02,
       -1.39986975e-02, 7.66271800e-02, 6.00589253e-02, 4.07197364e-02,
       8.55344310e-02, 7.18120635e-02, 5.87030835e-02, 2.30941512e-02,
       -1.79894529e-02, -1.39869167e-03, 5.00134826e-02, 7.57068396e-02,
       -1.56311989e-02, 7.31260609e-03, 7.76044130e-02, 1.50781488e-02,
       6.44127233e-03, 7.47286389e-03, -6.39480874e-02, -5.58305159e-02,
       7.92242885e-02, -2.20934413e-02, -6.49136826e-02, -1.16746955e-01,
       2.00023707e-02, -1.48248775e-02, 1.31792679e-01, -9.83418152e-03,
       5.65500781e-02, 2.41554901e-02, -8.07513203e-03, 6.07716991e-03,
       5.25188148e-02, 8.22943524e-02, 1.24776904e-02, -1.42095741e-02,
       -3.60179916e-02, 5.91624156e-02, 6.87119290e-02, 3.18470746e-02,
       -7.67456666e-02, -1.04548810e-02, -8.54192954e-03, 1.45209767e-03,
       -1.45675102e-02, -1.63236056e-02, 3.38098891e-02, 5.92278428e-02,
       -2.87490804e-02, 1.08538605e-02, 1.45339817e-02, 4.87600341e-02,
       -6.23056367e-02, 5.79450764e-02, -6.52192254e-03, -3.65014724e-03,
       -2.84674224e-02, 4.53820489e-02, -4.89557721e-02, 4.70338315e-02,
       -5.17722815e-02, 2.84359045e-02, -5.70730008e-02, -3.54564865e-03,
       -7.13358670e-02, 6.51129782e-02, 7.11781979e-02, 2.62040887e-02,
       -3.96577641e-03, -7.97556266e-02, 5.18235676e-02, 7.12373629e-02,
       2.77133174e-02, 4.78625000e-02, -6.99414499e-03, -6.61173612e-02,
       5.61624542e-02, 3.43891010e-02, -4.40951250e-02, 3.20150107e-02,
       -1.14423603e-01, 5.09068966e-02, 3.87277491e-02, 6.88355193e-02,
       -5.52412532e-02, -9.78996744e-04, 1.13854539e-02, -1.13363624e-01,
       -3.08624115e-02, -1.72562078e-02, 4.14720625e-02, -5.16141625e-03,
       8.03278759e-03, 4.46340255e-02, -1.40205184e-02, -5.55035025e-02,
       5.15042432e-03, -2.60465387e-02, -1.46487867e-02, 1.83271896e-02,
       -4.28521857e-02, 1.00776693e-03, 3.01370164e-03, -3.16822305e-02,
       -6.52863905e-02, 3.29168588e-02, 3.35399806e-02, -2.87807398e-02,
       -1.07072797e-02, -6.51116483e-03, 9.76995192e-03, 8.12222883e-02,
       2.08941530e-02, 4.22981083e-02, 5.21229627e-03, -1.04455076e-01,
       -4.47806828e-02, 2.60779448e-02, -3.12818661e-02, 5.11221960e-02,
       3.31767537e-02, -9.42690000e-02, 2.77475407e-03, -1.02461921e-02,
       3.21948272e-03, -6.45027682e-02, -6.31177425e-02, -3.75598520e-02,
       6.42944127e-02, 2.94522848e-02, -3.22657591e-03, 1.49465604e-02,
       -3.32153663e-02, -3.83334979e-02, -5.59063964e-02,
       -4.51730527e-02, -2.53245514e-02, -4.34743166e-02, 4.77063656e-02,
       -3.05137727e-02, -6.66765198e-02, -9.90070309e-03, 3.18621434e-02,
       -3.02183023e-03, 2.47228034e-02, -4.74365335e-03, -5.16349338e-02,
       -1.23107079e-02, -1.41097549e-02, 3.75916660e-02, 1.94954488e-03,
       2.79055890e-02, -6.60512000e-02, -7.60701299e-02, 4.26622108e-02,
       -3.69334668e-02, -2.32430063e-02, 2.73828153e-02, 2.19430253e-02,
       1.00904152e-01, 5.58488667e-02, -2.90925670e-02, 8.45269486e-03,
       -3.65506159e-03, -7.12174624e-02, -1.10290527e-01, 1.23764426e-02,
       7.22523779e-03, 6.14011697e-02, -1.01215057e-02, -8.98763910e-03,
       -7.87306130e-02, 1.78481322e-02, 2.90517360e-02, -2.21734848e-02,
       6.07275963e-03, 8.34576436e-04, 7.15353759e-03, -8.21683835e-03,
       -3.35611664e-02, 5.50976535e-03, 2.69407053e-02, 1.41779976e-02,
       6.57867193e-02, 1.32403262e-02, 5.97999655e-02, -8.37738719e-03,
       3.69613245e-02, 9.83521417e-02, 1.45451585e-02, 2.37711109e-02,
       -1.98458470e-02, -6.69053895e-03, -8.42927247e-02,
       -8.66564270e-03, 5.84231503e-02, 8.64355415e-02, 2.84986123e-02,
       8.52079317e-02, -1.41478274e-02, -6.53321221e-02, 1.11260563e-02,
       1.57146656e-04, 4.15851064e-02, 7.15511963e-02, 2.93441396e-02,
       -5.68317436e-02, -2.79300697e-02, 4.01614205e-04, 1.44555664e-03,
       -1.29586319e-02, 2.01958362e-02, -9.07578133e-03, -5.07233292e-02,
       4.98453341e-02, 1.76001936e-02, -2.83690710e-02, -1.35813551e-02,
       3.57652679e-02, -2.45000795e-02, -5.58701344e-02, 1.39234774e-02,
       4.99955751e-03, 2.99886353e-02, -4.10481021e-02, -2.74980310e-02,
       -5.39187789e-02, 9.38180182e-03, 2.62412205e-02, -4.41939496e-02,
       1.72925312e-02, 6.39164494e-03, -7.19721839e-02, -6.98403716e-02,
       -5.73364533e-02, -4.49996479e-02, 2.10825843e-03, 1.78136863e-02,
       6.12968840e-02, 2.22140756e-02, 5.61958626e-02, -6.33417144e-02,
       4.00042497e-02, 2.17202306e-02, 1.71172209e-02, 4.93990490e-03,
       3.72233391e-02, 1.68273430e-02, 6.60487041e-02, -6.53738249e-03,
       -6.23620339e-02, 2.10626088e-02, 9.42802504e-02, 1.99992247e-02,
       -6.75662532e-02, 1.32524772e-02, 3.27495374e-02, 3.23295072e-02,
       -4.68345061e-02, 6.52444437e-02, -8.73365533e-03, -8.81639589e-03,
       3.20193768e-02, 4.10379423e-03, -2.36532819e-02, 6.98749535e-03,
       7.31221661e-02, -1.51017224e-02, 5.88224782e-03, 5.66947572e-02,
       6.70676082e-02, -5.63169383e-02, 5.46800159e-02, 4.07297025e-03,
