%YAML:1.0
---
matrix: !!opencv-matrix
   rows: 1
   cols: 512
   dt: f
   data: [ -2.32764464e-02, -1.05961405e-01, 1.68354306e-02,
       9.72788874e-03, -2.99546169e-03, -1.17105599e-02, 1.91480573e-02,
       -6.34946721e-03, -7.57192355e-03, 8.03886428e-02, 7.58714750e-02,
       -2.97382791e-02, 1.78118851e-02, -6.47076070e-02, 6.08676337e-02,
       -2.58126892e-02, -6.36878749e-03, 4.29388136e-02, -2.31351890e-02,
       1.04400516e-01, -1.51223037e-03, -8.00627517e-04, 3.30111980e-02,
       -4.48894268e-03, 2.69165915e-02, 4.20684367e-02, -2.17419397e-02,
       5.16421627e-04, 3.52419540e-02, -4.34612632e-02, -4.33440953e-02,
       -2.42682453e-02, 1.42686376e-02, -4.38742060e-03, 2.52973381e-02,
       -2.86809336e-02, 1.50733562e-02, 4.72859219e-02, 1.70637853e-02,
       -1.21618681e-01, 1.50297116e-02, 7.28341518e-04, 8.59769210e-02,
       5.87202329e-03, -1.52764414e-02, 1.25305180e-03, 4.05612960e-02,
       1.49012906e-02, 3.85372378e-02, 2.33589318e-02, 2.54999343e-02,
       -3.75996018e-03, -2.25162376e-02, -4.07586107e-03, 9.46439151e-03,
       4.66716802e-03, -5.38406372e-02, 1.07318051e-01, 7.08209444e-03,
       -1.91075671e-02, 4.59272228e-02, 6.48682937e-04, 2.73954887e-02,
       -3.02066933e-02, 3.55718397e-02, 7.75668537e-03, 5.80167025e-02,
       -3.23727727e-02, -1.96794923e-02, 9.60795805e-02, 4.82553467e-02,
       -2.00775526e-02, 4.68708500e-02, 4.27065492e-02, -7.74001628e-02,
       -2.88685784e-02, 2.46069510e-03, -5.80327958e-02, -4.48840298e-02,
       -8.38257223e-02, 3.86217013e-02, 5.26441038e-02, 6.48728833e-02,
       2.96665709e-02, 4.20684405e-02, -1.00640010e-03, 1.54865058e-02,
       -8.12059045e-02, -6.08123699e-03, -1.15477033e-02,
       -6.76032156e-02, 5.41989803e-02, -7.55713210e-02, -8.95393174e-03,
       5.45243509e-02, -1.79425962e-02, -7.73665728e-04, 2.56086830e-02,
       2.28362791e-02, 8.49102587e-02, -3.04522403e-02, 4.20580171e-02,
       -4.77793291e-02, -1.99526874e-03, 7.50070810e-02, 2.01602746e-02,
       -7.96552524e-02, 2.25788821e-03, -1.75142232e-02, -5.47484979e-02,
       -2.46069953e-02, -3.03710271e-02, -2.28607953e-02,
       -1.83363594e-02, -2.88864318e-02, -6.38049394e-02, 7.72360861e-02,
       -2.50405464e-02, 6.49763495e-02, 1.29801873e-02, 1.49611328e-02,
       -3.94487865e-02, 1.13015678e-02, -5.42878620e-02, 5.59951272e-03,
       -7.61646079e-03, 5.69042191e-02, -1.75434053e-02, 4.04811278e-02,
       -9.67939850e-03, 2.62526851e-02, 2.34245919e-02, -3.94359715e-02,
       2.67138798e-02, -4.01376337e-02, 2.97810417e-02, -2.81653814e-02,
       7.92637654e-03, 2.14979686e-02, 1.81618109e-02, 6.37206528e-03,
       8.02153721e-03, -3.59060131e-02, -1.42579097e-02, -4.36251536e-02,
       7.55861448e-03, -1.35736585e-01, 2.92254146e-02, -1.51331034e-02,
       1.47934156e-02, -1.42264704e-03, 4.05811891e-02, 4.10025753e-02,
       4.57348414e-02, -9.94885992e-03, -1.84384529e-02, 2.16389410e-02,
       2.68647354e-02, 8.50311480e-03, -6.86125383e-02, 1.40689651e-03,
       1.73653048e-02, -7.06369206e-02, 7.71285817e-02, -5.72439358e-02,
       7.74056613e-02, -5.49823139e-03, -5.99120334e-02, 2.63512996e-03,
       -2.50023156e-02, -2.81259529e-02, -2.36373562e-02, 3.98854353e-03,
       -2.03111470e-02, -3.48782726e-02, 4.43431502e-03, 7.47730732e-02,
       4.28610593e-02, -1.51445176e-02, 8.85648951e-02, -3.16092893e-02,
       -4.67703380e-02, 8.21480602e-02, -1.29635856e-01, 8.00718218e-02,
       -3.97370979e-02, -3.80752496e-02, -1.13974074e-02,
       -1.18307453e-02, -5.01932297e-03, -5.21720536e-02,
       -6.63621202e-02, -5.63768335e-02, -2.65780967e-02, 3.75164836e-03,
       1.34471599e-02, -2.31792200e-02, -6.23185979e-03, 7.93834999e-02,
       -5.80200814e-02, 1.31969675e-01, 2.66772863e-02, 3.78604680e-02,
       1.21002914e-02, -1.03060819e-01, -1.44472849e-02, -1.00521911e-02,
       3.89760397e-02, 2.94803306e-02, -6.69633597e-02, -7.45214671e-02,
       -3.29796486e-02, -5.38296290e-02, -1.56211238e-02,
       -4.76887710e-02, -3.67525108e-02, -3.76923345e-02,
       -5.30784130e-02, -1.21611822e-02, -9.63951051e-02,
       -3.07155345e-02, 6.60937559e-03, 3.05735562e-02, 2.85732113e-02,
       3.43064927e-02, -5.35331760e-03, 2.28270143e-02, 2.26292498e-02,
       -2.56803241e-02, -3.99371535e-02, 2.06176769e-02, 6.62775990e-03,
       -2.92891711e-02, -1.88764632e-02, -4.91318852e-02,
       -2.62989402e-02, -1.34590399e-02, 3.81552614e-02, -6.62831292e-02,
       -6.29771408e-03, -3.51125300e-02, -3.40383686e-02,
       -2.48353183e-02, -6.20530844e-02, -3.27181560e-03, 5.30189388e-02,
       -3.90533060e-02, -3.69444326e-03, -1.35661708e-02, 4.34633996e-03,
       -1.48274405e-02, 2.44804900e-02, -3.35704610e-02, -1.08507760e-02,
       -6.38675988e-02, 8.50925595e-03, 8.47017020e-02, 8.39829911e-03,
       -8.28473270e-02, -1.82683580e-02, -1.20856641e-02,
       -1.01279700e-02, -1.94490813e-02, 6.03543408e-02, 1.67561055e-03,
       -5.39566204e-02, -1.02568325e-02, 2.21729875e-02, -9.14867036e-03,
       1.55162923e-02, -4.35830355e-02, 1.18034845e-02, 1.06423683e-02,
       -3.32709914e-03, -1.41671570e-02, 3.35297622e-02, -8.00067261e-02,
       3.09429020e-02, 2.56864168e-02, 4.16403562e-02, 2.34684814e-02,
       3.78664136e-02, 3.41989769e-04, 2.63447240e-02, 1.74649395e-02,
       -6.25982357e-04, -3.65519933e-02, -6.64608702e-02, 7.54563436e-02,
       5.14669635e-04, -1.09323179e-02, 4.41007465e-02, -2.57720724e-02,
       -4.09738757e-02, -1.13485251e-02, 2.15957295e-02, 3.89271490e-02,
       6.53733173e-03, -9.48483031e-03, -2.53359769e-02, -3.46161611e-02,
       -1.21342717e-02, 3.02377399e-02, 5.96122183e-02, -2.98246983e-02,
       1.51629839e-02, -3.45603116e-02, -3.62784080e-02, -3.44509184e-02,
       -5.05200960e-02, -7.48116598e-02, 2.35578381e-02, -4.98723090e-02,
       2.65075490e-02, -6.71351980e-03, 4.07605655e-02, 1.03506818e-01,
       1.18910909e-01, -6.80107996e-03, 4.08226103e-02, 5.41765429e-02,
       -6.53840080e-02, 5.94769232e-02, 1.21178059e-02, 2.13027539e-04,
       4.91732769e-02, 2.94236094e-03, -2.19758935e-02, -3.95274311e-02,
       -6.56051040e-02, 3.53096500e-02, 1.97012834e-02, 6.20520934e-02,
       6.58153370e-02, -1.39494631e-02, 3.99219729e-02, 3.18689682e-02,
       -5.76038137e-02, 5.83037036e-03, 1.41491434e-02, -1.59180239e-02,
       -1.10688256e-02, -1.88317467e-02, 7.63801634e-02, 5.82990004e-03,
       5.92136420e-02, 2.61798389e-02, -7.48146400e-02, 5.29406965e-02,
       1.77388657e-02, 1.80603773e-03, 1.44155659e-02, -2.14913841e-02,
       -6.28893962e-03, 2.47660447e-02, -8.72274302e-03, -4.49660281e-03,
       1.17387827e-02, 3.51723284e-02, -4.81125750e-02, 1.76309701e-02,
       -6.99003320e-03, -6.94204262e-03, -7.59982169e-02,
       -6.46333024e-02, -7.01789372e-03, 5.14226593e-02, -2.60157678e-02,
       -2.79988050e-02, -3.72480159e-03, -2.97010746e-02,
       -8.14547203e-03, 2.76989751e-02, -2.25263205e-03, 3.68692987e-02,
       -7.62373582e-03, -1.39364302e-01, 1.05529595e-02, 5.89387789e-02,
       4.97805551e-02, 7.45264590e-02, -5.09294495e-02, 2.57768133e-03,
       -1.90143902e-02, -1.06026299e-01, 3.01991682e-02, 1.80880725e-02,
       -2.78568920e-02, 1.67892836e-02, 4.21897434e-02, -6.16816338e-03,
       8.27207640e-02, -3.04524060e-02, 1.69698540e-02, -6.96441606e-02,
       6.39013574e-02, 6.00994490e-02, 4.63667735e-02, -3.99971642e-02,
       7.88192675e-02, -3.59660797e-02, -3.34732682e-02, -4.12839390e-02,
       5.16603887e-02, 2.32368410e-02, 9.12912861e-02, -1.88131220e-04,
       -2.31006257e-02, 3.78221348e-02, 8.23859964e-03, 8.19790363e-03,
       3.53252627e-02, -1.14709273e-01, -9.01226513e-03, 3.82270291e-02,
       4.59991628e-03, 2.49683708e-02, 4.43313755e-02, 1.31495809e-02,
       -5.56818061e-02, 5.46621112e-03, -1.91240758e-02, 1.65309347e-02,
       -3.97495069e-02, -4.82757948e-02, 1.28851067e-02, -3.13694850e-02,
       1.08692897e-02, -2.80209519e-02, -3.09444107e-02, 4.72194180e-02,
