%YAML:1.0
---
matrix: !!opencv-matrix
   rows: 1
   cols: 512
   dt: f
   data: [ -5.18834824e-03, -7.11107105e-02, -4.30983566e-02,
       1.19383298e-02, 1.43877268e-01, -3.48016545e-02, 2.55320836e-02,
       1.09891631e-02, 2.06312686e-02, 2.94480287e-02, -1.26776211e-02,
       5.18816244e-03, -4.71994057e-02, 6.28505200e-02, -2.35967655e-02,
       -1.60768498e-02, 8.99436942e-04, 5.08035999e-03, 1.81298144e-02,
       -2.82843541e-02, -2.18700599e-02, -1.33090178e-02, 2.19754428e-02,
       -8.46813433e-03, -3.10177114e-02, -3.34349312e-02,
       -2.27392837e-02, 9.37680656e-04, -3.30421180e-02, 4.15690988e-02,
       6.93567917e-02, 1.92408953e-02, -9.22433939e-03, 2.59148069e-02,
       1.42676095e-02, -4.77244593e-02, -3.23687568e-02, -4.90447544e-02,
       -4.92824689e-02, -1.78163324e-03, 1.05009759e-02, -6.23870157e-02,
       -3.72727998e-02, 2.96927057e-02, 6.50505945e-02, -1.38883060e-02,
       4.15361077e-02, 2.61340961e-02, -9.33176465e-03, -4.36212867e-02,
       -2.05317792e-02, -1.67091172e-02, 8.42858478e-02, -1.87047257e-03,
       6.59866482e-02, 8.01089630e-02, 1.80650167e-02, -1.55959139e-02,
       -1.02290697e-02, 5.38713951e-03, 4.05728370e-02, 3.96794342e-02,
       -3.09880394e-02, 1.63190309e-02, -2.49425303e-02, 6.61384268e-03,
       -4.98055629e-02, -5.20941429e-03, 1.25392126e-02, -1.10984311e-01,
       9.84200463e-02, 3.63732241e-02, -8.24689865e-02, 4.59729619e-02,
       -3.46548036e-02, -7.80272251e-03, -3.96384411e-02,
       -8.83894861e-02, -4.01775986e-02, 6.93980008e-02, -8.05321336e-02,
       -9.37063526e-03, -2.94303000e-02, 5.02137356e-02, 9.17920936e-03,
       -3.56200822e-02, -4.29379195e-02, -5.99968694e-02,
       -3.55652161e-02, -3.80747113e-03, 6.08926937e-02, 6.19557127e-02,
       4.92342897e-02, 5.21933138e-02, 4.28319499e-02, 3.63938399e-02,
       1.86344441e-02, -2.42586359e-02, 7.62485340e-03, -1.18022814e-01,
       -4.59476188e-02, -2.80276854e-02, 5.71460538e-02, -7.90219903e-02,
       -2.21592486e-02, -4.58797961e-02, 1.72636211e-02, -1.30871846e-03,
       2.92678393e-04, 4.25750278e-02, 3.39230224e-02, -1.96630172e-02,
       1.19220629e-01, 1.76654905e-02, -3.82089540e-02, -1.15453601e-01,
       -3.09733916e-02, -5.13786301e-02, 5.15803620e-02, 1.86211951e-02,
       -4.20501828e-02, -5.69663569e-02, 8.49105939e-02, -7.12539908e-03,
       -6.51219413e-02, -6.58458844e-03, 5.50029101e-03, -2.52565406e-02,
       2.49031391e-02, 1.14943981e-02, -1.94941531e-03, -3.98713490e-03,
       -8.53548124e-02, 3.64364833e-02, -1.19517185e-02, 7.18493713e-03,
       3.73264812e-02, -3.24599817e-02, 1.21867750e-02, -3.30568152e-03,
       -2.52518002e-02, -1.68693671e-03, -4.53361981e-02,
       -5.36755845e-02, 1.30257858e-02, -1.52486004e-02, -2.54299790e-02,
       -3.75703759e-02, 6.77509680e-02, 2.00306601e-03, -1.73612256e-02,
       1.20267896e-02, -3.73151153e-02, -3.17465477e-02, 6.37697577e-02,
       3.40645225e-03, 6.69319332e-02, 3.27853835e-03, 4.58116792e-02,
       2.27806177e-02, 6.17650524e-02, -6.60040602e-02, 4.45818007e-02,
       7.85046443e-02, 6.33679256e-02, -8.32929090e-03, 9.52213705e-02,
       -1.64689887e-02, 1.07872486e-02, 1.99784171e-02, 7.83869848e-02,
       -3.16844173e-02, 1.97180994e-02, 2.51218062e-02, -2.77370624e-02,
       -1.46564795e-02, 3.18474397e-02, -1.61333159e-02, -1.18228563e-04,
       -2.78293137e-02, 2.37117000e-02, 4.14211787e-02, 5.35573289e-02,
       5.21007739e-02, -3.11245937e-02, 1.24977725e-02, -1.06312580e-01,
       9.85533074e-02, -5.05529158e-02, -4.03660871e-02, 3.54740061e-02,
       5.96192293e-02, -4.75489907e-02, 5.22546582e-02, 4.95379828e-02,
       -1.93149857e-02, -7.52559900e-02, 3.26680318e-02, 3.07975081e-03,
       1.38713894e-02, 4.64539230e-03, -1.00600109e-01, 4.94333506e-02,
       -4.10110168e-02, -3.56646278e-03, -5.81567623e-02,
       -3.21771093e-02, 3.55524644e-02, -3.24828327e-02, -1.06134061e-02,
       -2.40352079e-02, 5.98627795e-03, 4.18708399e-02, 4.61724540e-03,
       9.40774288e-03, 2.72537787e-02, -1.34689780e-02, -4.27162573e-02,
       7.59866014e-02, -4.48113345e-02, -4.78260741e-02, -8.66385996e-02,
       -4.24938761e-02, -1.03815682e-01, -1.45418954e-03,
       -3.65691409e-02, -3.86124179e-02, 2.62252055e-02, 3.14340591e-02,
       3.33435796e-02, -1.51853617e-02, 1.85905807e-02, 5.52825518e-02,
       4.10488918e-02, 1.80460326e-02, -6.09639287e-02, -6.68831635e-03,
       -1.51924230e-02, 7.62526244e-02, -2.90237088e-02, 4.92908768e-02,
       -1.30592892e-02, 6.58310810e-03, -1.38250459e-02, -3.32630351e-02,
       -6.47960883e-03, -3.01159993e-02, -4.85623963e-02,
       -1.30548561e-02, -2.08519101e-02, 5.98650575e-02, 1.17891980e-02,
       -1.67780146e-02, -2.89827585e-02, -2.50491574e-02, 3.30800079e-02,
       -6.13369867e-02, 1.08606629e-01, 1.93383768e-02, -5.91786765e-02,
       4.75818254e-02, 1.33594489e-02, -2.79884357e-02, 5.45772649e-02,
       4.88405414e-02, -3.17937471e-02, 5.52664399e-02, 5.76358214e-02,
       2.77421507e-03, -1.18817184e-02, 1.13933459e-02, 7.66213685e-02,
       -2.45372262e-02, 1.26169056e-01, 3.55840735e-02, 4.38910313e-02,
       -1.02599457e-01, -1.58787984e-02, -8.05733167e-03, 8.86647403e-02,
       1.16130745e-03, 4.52442095e-02, -3.37221194e-03, 8.80858023e-03,
       -2.39770506e-02, -6.76584942e-03, -7.28563890e-02,
       -4.60732318e-02, -1.35844545e-02, -2.47311071e-02, 8.12047794e-02,
       1.67392008e-02, -2.88792290e-02, 6.45173490e-02, 8.77693482e-03,
       5.56585751e-02, 3.77811491e-02, -1.47721441e-02, 3.34468521e-02,
       -2.95932349e-02, 9.32160616e-02, 1.77321099e-02, 1.00857951e-02,
       2.10732184e-02, -1.67764984e-02, -4.02040705e-02, -1.85190514e-02,
       -1.73135754e-02, 5.39755635e-02, 2.17272248e-02, 1.15191154e-02,
       -3.92783573e-03, -3.71815031e-03, -3.20222639e-02, 1.02089442e-01,
       -5.61299883e-02, 8.69171843e-02, 8.84318724e-03, 4.43938305e-04,
       7.22457319e-02, -6.40596375e-02, 9.09092203e-02, -5.77159896e-02,
       -7.08125383e-02, 2.87917275e-02, -2.14665886e-02, -6.59820586e-02,
       -1.44058783e-02, -8.06059763e-02, 3.37608568e-02, 9.46698859e-02,
       -2.60757487e-02, 2.47826111e-02, -5.73297665e-02, -1.82671577e-03,
       -8.68621990e-02, 3.31999958e-02, -6.22925349e-02, 2.75369789e-02,
       -1.35067450e-02, -8.58323008e-04, -5.38115352e-02, 1.15477908e-02,
       2.03118790e-02, -5.62293045e-02, -1.47293424e-02, -3.07672229e-02,
       4.07834128e-02, 9.65156127e-03, -3.69199067e-02, -3.37441415e-02,
       -3.46758589e-02, 2.31613312e-02, 6.31198240e-03, -2.98443474e-02,
       5.77376224e-02, 1.76655203e-02, -1.57121681e-02, -1.26009770e-02,
       1.88675914e-02, -6.27398416e-02, 3.89865823e-02, 2.25767642e-02,
       -7.84551818e-03, 8.44903104e-03, -1.15275020e-02, -2.10702773e-02,
       -4.60897908e-02, -1.30557397e-03, -8.52889847e-03, 2.69058533e-02,
       -8.29887837e-02, -1.53941130e-02, -5.24481721e-02,
       -4.32235189e-02, -4.60188724e-02, -2.05371119e-02,
       -2.31383331e-02, 1.66241243e-05, -1.57356262e-03, 3.74415629e-02,
       -9.50325001e-03, 1.09330239e-03, -1.43443560e-02, 1.67510454e-02,
       -6.19783252e-02, -2.73692813e-02, -4.86313477e-02,
       -7.52574131e-02, -9.55139548e-02, 6.74716197e-03, 6.29796535e-02,
       9.98900924e-03, 7.58027285e-03, -2.20773220e-02, -4.13348563e-02,
       -1.87609140e-02, 4.03941162e-02, -2.55586929e-03, -4.10347208e-02,
       5.28091304e-02, -9.32684839e-02, -6.73289597e-02, 4.05140370e-02,
       -7.32926205e-02, 8.12536553e-02, -2.00596750e-02, -1.77737078e-04,
       3.73109542e-02, -2.37241425e-02, -4.17651385e-02, -4.65825014e-02,
       7.61127248e-02, -4.74263281e-02, -5.73758632e-02, 2.72617899e-02,
       1.39335860e-02, 4.42831628e-02, -2.69937180e-02, -2.47686775e-03,
       -3.03545818e-02, -4.32631336e-02, -9.57085565e-03, 3.34041603e-02,
       2.97075436e-02, 1.47767169e-02, 2.54563568e-03, -7.95575455e-02,
       -5.04786447e-02, -2.89995279e-02, 3.15118283e-02, -2.71829665e-02,
