%YAML:1.0
---
matrix: !!opencv-matrix
   rows: 1
   cols: 512
   dt: f
   data: [ -3.09269559e-02, 6.44386187e-02, 6.74983859e-02,
       -4.65073623e-02, -1.51871126e-02, 1.31569887e-02, 1.71520340e-04,
       -1.40050221e-02, -2.09139083e-02, 1.74334627e-02, 3.31780454e-03,
       2.25430522e-02, 7.42671043e-02, -2.67664865e-02, -9.49233305e-03,
       -4.63498570e-02, -1.61422323e-02, 7.05946162e-02, 4.32636961e-02,
       3.15679796e-02, 2.16414053e-02, 7.53854290e-02, 1.66862886e-02,
       -2.19600406e-02, -4.59705181e-02, -8.10748264e-02,
       -3.99000347e-02, -3.36222872e-02, 3.87615524e-02, -4.17555682e-02,
       8.73885956e-03, -1.77392364e-02, -6.21188506e-02, 1.77227464e-02,
       4.40393500e-02, -1.15023106e-02, 9.76975076e-03, 6.09778101e-03,
       8.38152170e-02, 1.69623010e-02, 6.85188845e-02, -3.14919800e-02,
       5.34466890e-05, 2.11040527e-02, 7.17424080e-02, -6.22915179e-02,
       2.15166472e-02, 2.67788358e-02, 4.66063879e-02, -1.50548145e-02,
       1.03994915e-02, -5.88760572e-03, 4.23978865e-02, 6.90924004e-02,
       5.82631975e-02, 3.72566991e-02, -5.78838401e-03, 2.90777422e-02,
       3.80649534e-03, -2.99308430e-02, 2.38628127e-02, 1.04862839e-01,
       -7.92566314e-02, 1.11029745e-04, -4.85641472e-02, 9.52464566e-02,
       -1.84390135e-02, -1.60991848e-02, -1.28366780e-02, 5.84806837e-02,
       -1.87341869e-02, 4.25629914e-02, -3.49899270e-02, 9.37863998e-03,
       1.49589079e-03, -5.58152571e-02, 5.55126220e-02, 3.12899202e-02,
       -9.30441394e-02, 2.34161802e-02, -2.72668172e-02, 3.62165435e-03,
       5.58049604e-03, -4.41957712e-02, -4.57199616e-03, 3.41816321e-02,
       -2.41673011e-02, 6.31489754e-02, 6.41410500e-02, -1.63759924e-02,
       -6.05460778e-02, 2.30152272e-02, 1.15322061e-02, 8.07658285e-02,
       -7.11460784e-02, -3.58352885e-02, -5.90960048e-02,
       -4.89686579e-02, -7.37870019e-03, -2.83059180e-02, 6.48211241e-02,
       6.86833682e-03, 1.68672446e-02, -9.66535136e-02, -4.54036817e-02,
       -3.21291275e-02, 3.33067551e-02, -2.50847191e-02, 3.76000665e-02,
       -2.25317795e-02, 2.91699544e-02, -3.04353032e-02, -3.91357057e-02,
       -3.15576978e-02, -8.40835832e-03, -7.85094127e-02, 5.62045015e-02,
       -5.21054666e-04, -3.96268405e-02, 4.35298719e-02, -5.09896912e-02,
       -1.93721987e-02, 3.48010994e-02, -6.67719543e-02, -6.70810342e-02,
       -1.25800604e-02, 3.55649963e-02, 7.31243715e-02, 3.72408144e-02,
       4.48654704e-02, 8.81076530e-02, 3.71755697e-02, -1.48125356e-02,
       -4.94932085e-02, -3.08291195e-03, 2.74833683e-02, 1.04888864e-01,
       -1.18574258e-02, -2.21745111e-02, -1.16240434e-01, 2.28771940e-02,
       3.54129933e-02, 3.44850752e-03, -1.96574759e-02, -4.23037522e-02,
       -1.88773721e-02, -2.33243350e-02, 4.49078493e-02, -9.31170657e-02,
       5.08003980e-02, 2.10040119e-02, 4.93574552e-02, -1.64135341e-02,
       2.77631991e-02, 2.53300164e-02, 8.12994968e-03, -5.26268128e-03,
       4.92206551e-02, 5.81697300e-02, 2.31737290e-02, 8.52213651e-02,
       -1.15916217e-02, 1.88438855e-02, 2.38286946e-02, -2.47111712e-02,
       8.48996174e-03, -5.98058384e-03, -5.52930199e-02, -8.34850688e-03,
       -6.62566442e-03, -3.24845612e-02, 3.03850174e-02, 9.88927186e-02,
       3.67354080e-02, 6.86214073e-04, -5.96279353e-02, 2.37269383e-02,
       9.70100462e-02, 1.48300985e-02, -3.45408581e-02, -3.40986326e-02,
       -3.63249891e-02, -4.68544522e-03, -4.90355529e-02,
       -3.58033516e-02, -5.81052713e-02, -5.74782975e-02,
       -1.62488520e-02, -1.43460752e-02, 2.45114062e-02, 4.81799133e-02,
       -3.18053365e-02, -2.46334430e-02, -3.91969755e-02,
       -6.33516908e-02, 4.44507413e-02, 4.88208234e-02, 5.08565828e-02,
       5.47421798e-02, -7.22893141e-03, 9.61304605e-02, -7.48871043e-02,
       -5.98242553e-03, -8.29633325e-03, -4.68203574e-02, 3.43744233e-02,
       -1.88875236e-02, -1.31101245e-02, -9.93926302e-02, 1.50767053e-02,
       6.63931621e-03, -7.39170760e-02, 8.46332163e-02, 6.73666224e-02,
       -2.76013091e-02, 1.72433406e-02, 3.52856182e-02, 1.49939368e-02,
       1.18639236e-02, 1.04304738e-02, 7.81508535e-03, -1.56665426e-02,
       -5.77628147e-03, -2.81018000e-02, -1.37654552e-02,
       -3.37226540e-02, 5.65015059e-03, 3.90748568e-02, 6.87291250e-02,
       1.00479592e-02, -2.91905878e-03, 1.27091426e-02, 4.61281575e-02,
       6.39442429e-02, 4.90432652e-03, -2.82167550e-02, -1.91336330e-02,
       5.23953401e-02, -4.26514260e-02, 1.39561063e-02, -2.53095906e-02,
       1.04060303e-02, 1.53537737e-02, 1.51204085e-02, 4.02999343e-03,
       -2.75646336e-02, -2.56597754e-02, 2.02987734e-02, -5.89357316e-02,
       1.84573885e-02, -6.24192059e-02, -1.37271853e-02, 3.51229869e-02,
       -6.34006038e-03, -3.17583568e-02, 8.31586346e-02, 9.02416371e-03,
       2.87502725e-02, -6.21421598e-02, -9.21749026e-02, -3.21061425e-02,
       -1.11626219e-02, -1.80227254e-02, 6.94696829e-02, 4.56187427e-02,
       -2.47535985e-02, -3.37655991e-02, -3.42061371e-02,
       -7.31551973e-03, -4.76851081e-03, -1.07536325e-02,
       -8.46181437e-02, -5.46107143e-02, -2.56336257e-02, 1.19794250e-01,
       -9.44843441e-02, -3.54248891e-03, -1.15002692e-01, 5.31593710e-02,
       2.44060513e-02, -1.49428817e-02, 8.07705000e-02, -5.62986284e-02,
       -3.57114300e-02, 2.81945653e-02, 1.26675786e-02, -4.14593928e-02,
       7.20040582e-04, 5.16773947e-03, -7.79711679e-02, 2.40863282e-02,
       -1.79420244e-02, 2.38888152e-02, -2.88736317e-02, 3.22586740e-03,
       2.74351649e-02, -4.36935993e-03, 4.97724488e-02, 2.44356319e-02,
       -2.01393589e-02, -1.20154740e-02, 5.90725383e-03, -5.74268401e-02,
       -2.56297160e-02, -1.40417591e-02, -8.10949504e-03, 5.99162355e-02,
       5.69509976e-02, -4.65476215e-02, 3.09237260e-02, -1.20076001e-01,
       8.82097036e-02, -5.30961342e-02, -2.62159929e-02, -6.17971942e-02,
       -1.35283591e-02, 6.90248162e-02, 6.99058622e-02, -2.26835012e-02,
       3.66318598e-02, 1.85924247e-02, -1.89838465e-02, -6.94399178e-02,
       -7.88971409e-02, 4.08863127e-02, 1.29371941e-01, -1.22478744e-02,
       3.66701409e-02, 9.07313731e-03, 2.14930605e-02, 4.99340557e-02,
       -1.00174630e-02, -4.77939323e-02, -6.82053939e-02,
       -3.85759771e-02, 2.59849038e-02, 8.30649361e-02, 2.23317742e-02,
       3.04117035e-02, 2.46150885e-02, 7.30041340e-02, -9.50037092e-02,
       4.42557409e-02, -4.49365005e-02, 4.29259874e-02, -8.60268623e-02,
       -1.20916255e-02, 6.07864838e-03, -1.81336980e-02, -2.34170258e-02,
       -3.19509730e-02, -1.18595026e-02, -8.70517492e-02,
       -2.01154798e-02, 3.46595645e-02, 3.19221541e-02, 5.79850413e-02,
       -6.00311905e-02, 9.28466097e-02, -1.44581019e-03, 3.00605921e-03,
       3.53963748e-02, 2.26631798e-02, -3.38465944e-02, 7.56224757e-03,
       -7.55723566e-02, 4.58584093e-02, 1.54586220e-02, -4.42924201e-02,
       2.06815489e-02, -6.43966570e-02, -5.07417694e-02, -2.94384751e-02,
       1.82347540e-02, -3.21330829e-03, 4.46660854e-02, 4.15089726e-02,
       -1.35272359e-02, 2.92725824e-02, 9.05135460e-03, 2.20439415e-02,
       8.84000398e-03, 3.42450547e-03, -1.57123301e-02, -6.07934706e-02,
       3.32288444e-02, 6.02951124e-02, 3.32307965e-02, 5.79738757e-03,
       -2.31800191e-02, -7.76205910e-03, -3.46211530e-02, 7.16536269e-02,
       -2.88803112e-02, 2.11850414e-03, -4.59256396e-03, -1.42651387e-02,
       2.03288458e-02, 7.97699112e-03, 5.08496165e-02, 1.71401072e-02,
       1.41511029e-02, 1.87568758e-02, -5.31180426e-02, 5.93259595e-02,
       9.49052498e-02, 4.28370908e-02, 8.22438970e-02, -8.23067129e-02,
       3.75778712e-02, -5.44274785e-02, 7.40993395e-02, -2.22466234e-02,
       1.90646201e-02, -3.63263413e-02, 5.66905141e-02, -2.69413181e-02,
       3.41991708e-02, 3.65608819e-02, -2.36005206e-02, -6.01883717e-02,
       -1.15330275e-02, -6.37232279e-03, -4.43577953e-02, 3.83375585e-02,
       -2.79367226e-03, -4.97256964e-02, -1.10779464e-01,
       -3.09034474e-02, -5.05838841e-02, 3.28144878e-02, 3.44833061e-02,
