%YAML:1.0
---
matrix: !!opencv-matrix
   rows: 1
   cols: 512
   dt: f
   data: [ -5.81506081e-02, -5.69299459e-02, 1.21332903e-03,
       -1.00485384e-02, 4.77325963e-03, 5.00552766e-02, -4.47582863e-02,
       -9.27837752e-03, -1.22585623e-02, -3.28298807e-02, 3.79734114e-02,
       2.01144964e-02, -1.79403760e-02, -3.93086374e-02, 7.24070072e-02,
       1.42297093e-02, -4.69947271e-02, 3.13200876e-02, 3.18095312e-02,
       2.01446097e-02, 1.01672634e-01, -2.84746550e-02, -2.59027537e-02,
       -1.20299216e-02, -3.35170748e-03, 3.57425325e-02, -3.11927889e-02,
       -4.41160202e-02, 6.44706339e-02, -6.18392937e-02, -5.61165437e-03,
       3.29124257e-02, -5.49637973e-02, 3.94309014e-02, 1.34653645e-02,
       1.51399178e-02, -4.47404571e-02, 1.24338074e-02, 5.03213750e-03,
       -5.25968112e-02, 3.24702002e-02, -7.44903367e-03, -1.10733267e-02,
       -9.81177855e-03, -6.67231306e-02, -5.51394299e-02, 2.10896041e-03,
       7.17668012e-02, 5.22407293e-02, 4.32925448e-02, 4.02359925e-02,
       1.32346982e-02, 6.75082812e-03, -2.48237271e-02, -4.66757677e-02,
       -5.14507387e-03, -1.83251442e-03, 1.68951824e-02, -4.14541177e-02,
       -2.15422064e-02, -3.43356244e-02, 4.46123369e-02, 5.69844060e-02,
       2.62797624e-02, 8.83776844e-02, -5.42148426e-02, 7.24360021e-03,
       -2.86232531e-02, 6.90752408e-03, 2.07291786e-02, 3.05046774e-02,
       -4.16627564e-02, -6.99151084e-02, 4.24219891e-02, 9.45325345e-02,
       7.86426943e-04, -8.43756124e-02, 6.19891472e-02, -3.00268382e-02,
       -4.34794389e-02, -9.03208479e-02, 3.39781232e-02, 5.33849560e-02,
       -9.48987454e-02, -3.74426246e-02, 6.55777454e-02, -6.57912493e-02,
       3.31539698e-02, 5.35335811e-03, 6.54174462e-02, 4.85080406e-02,
       4.46114987e-02, -2.46762335e-02, 7.86759108e-02, 2.59815585e-02,
       -2.10535936e-02, -6.31531794e-03, 3.41435820e-02, -3.92268598e-02,
       -5.83521053e-02, -3.50425914e-02, 3.85210887e-02, -3.16714123e-02,
       -4.44742180e-02, 2.51575280e-02, 2.04190649e-02, -7.94267748e-03,
       2.32294891e-02, 3.70366275e-02, -4.87097725e-02, -1.15271108e-02,
       -2.98635829e-02, -1.43555570e-02, -6.10961281e-02,
       -7.13341311e-02, -1.24058396e-01, 3.63991335e-02, -2.75739841e-02,
       2.41328105e-02, 1.46973096e-02, 2.20806357e-02, 2.04154830e-02,
       6.43875897e-02, -4.73167710e-02, 4.44345456e-03, 2.88739800e-02,
       8.89641605e-03, -3.13110054e-02, 4.44777980e-02, -5.07718604e-03,
       8.11757799e-03, 7.39891231e-02, 2.05065496e-03, 1.67942606e-02,
       1.47230159e-02, 3.49091142e-02, 8.63088816e-02, 4.74531297e-03,
       6.46480639e-03, -1.08561025e-03, 6.42800555e-02, 2.90981270e-02,
       -6.25364333e-02, 1.92264246e-03, -3.21999080e-02, -4.43279557e-02,
       -7.22356439e-02, -1.43676400e-02, -2.16896944e-02, 3.68341692e-02,
       4.18817215e-02, 3.66255157e-02, 3.48493308e-02, 6.16494454e-02,
       3.29638110e-03, -5.94809204e-02, -1.17875580e-02, 6.95348457e-02,
       3.76995578e-02, -1.99583136e-02, 5.32350503e-02, 2.43448392e-02,
       -2.08878964e-02, 2.40097884e-02, 2.18889397e-02, 2.95393951e-02,
       2.18303432e-03, 6.16553798e-03, 3.45777236e-02, -2.52913665e-02,
       2.59507671e-02, 1.78133827e-02, 6.93515912e-02, -3.18105482e-02,
       -3.12791169e-02, -2.41904631e-02, -3.82897779e-02, 2.16882173e-02,
       2.58567203e-02, 4.80225421e-02, 4.67691422e-02, -9.69145168e-03,
       6.49768393e-03, 8.33652690e-02, 2.24393606e-02, 5.76815754e-02,
       -9.34480429e-02, 4.50166948e-02, -1.38321863e-02, 2.31622681e-02,
       7.20853359e-02, -3.32143120e-02, 5.23827225e-03, -1.01720691e-02,
       7.73235783e-03, -4.68942672e-02, 8.81595910e-02, 3.13325529e-03,
       -3.45384330e-02, 2.21789125e-02, 1.18075786e-02, 2.81267171e-03,
       -9.02440697e-02, 1.72407348e-02, -1.16082942e-02, -7.95269012e-02,
       -1.22645693e-02, -6.29560649e-02, 6.73993677e-02, -3.18218023e-02,
       -2.67459899e-02, 5.15022650e-02, 2.65586801e-04, -1.52305998e-02,
       -1.11489922e-01, 1.38951177e-02, 4.22642417e-02, 2.21957657e-02,
       3.69935073e-02, 5.41118756e-02, 5.37733622e-02, -1.51859978e-02,
       -5.26853837e-02, 3.95719148e-02, -1.85447335e-02, -3.38172689e-02,
       -2.03106347e-02, 3.75419669e-02, -5.90709504e-04, 8.35655164e-03,
       -7.55931949e-03, -1.59714259e-02, -1.26205534e-02,
       -2.01142747e-02, 3.83904669e-03, -2.26046909e-02, 1.93076972e-02,
       2.03390094e-03, -6.44076467e-02, -4.50342670e-02, -1.34825647e-01,
       -7.74068311e-02, 4.92360536e-03, -4.44608741e-02, -6.06995188e-02,
       5.32381460e-02, 5.68366461e-02, -1.80776324e-02, 6.63017109e-02,
       -2.10028179e-02, -8.16186890e-02, 7.11807236e-02, 3.61465998e-02,
       5.75801823e-03, -2.69960761e-02, 2.50271577e-02, 5.48964143e-02,
       -2.80409660e-02, -4.64679580e-03, -4.06663269e-02,
       -2.04693358e-02, -5.34921102e-02, 1.29692657e-02, -3.00014727e-02,
       6.23226073e-03, -3.02765518e-02, 6.23476086e-03, 2.44960319e-02,
       -1.33339548e-02, -2.69293524e-02, 2.35072523e-02, -8.42561573e-02,
       -1.75787590e-03, 5.21430634e-02, 1.23272859e-01, -1.14036612e-02,
       -8.99072096e-04, 3.62734310e-02, 6.03673607e-02, 1.10050691e-02,
       4.13950123e-02, 4.06954251e-02, -5.29291965e-02, -1.76293682e-02,
       -8.16750992e-03, -5.36284037e-02, -3.07933465e-02,
       -2.26150472e-02, 8.80429894e-03, 6.32005138e-03, -2.67624184e-02,
       7.32234505e-04, -6.10982552e-02, 3.52754630e-02, -3.03757042e-02,
       2.90252715e-02, 3.68446670e-02, 4.65456434e-02, -1.18737243e-01,
       -8.33432823e-02, -8.85106809e-03, 2.49779178e-03, -8.49223658e-02,
       -3.77323031e-02, -9.68986824e-02, -2.07633283e-02,
       -1.77246295e-02, 4.28525805e-02, 1.55142117e-02, -1.58819910e-02,
       -2.66233012e-02, -4.36723121e-02, -8.48082080e-03,
       -2.98884027e-02, 5.09934127e-02, -2.14784984e-02, 2.07523648e-02,
       -7.89871216e-02, -4.20782715e-02, 3.33710872e-02, 3.16548385e-02,
       -2.41595637e-02, 1.82652045e-02, -1.94616579e-02, -3.59738991e-02,
       -1.90465245e-02, -3.07248123e-02, 2.62864418e-02, 3.05537581e-02,
       5.49460575e-02, -5.12087680e-02, -2.19790619e-02, -3.18238582e-03,
       -1.80679318e-02, -3.22508812e-02, -2.03168206e-02, 3.12993564e-02,
       -4.77829799e-02, 2.89737396e-02, 3.67424302e-02, -4.57124524e-02,
       -3.60023305e-02, 3.69795412e-02, -8.35609715e-03, -1.46212075e-02,
       5.58970124e-03, -8.88255611e-02, 3.24118957e-02, 3.15990634e-02,
       -6.70375079e-02, 3.97483893e-02, 8.74887109e-02, -1.15663707e-02,
       8.11868981e-02, 1.63920671e-02, -6.24769041e-03, 2.54945122e-02,
       7.53206760e-02, -3.04740742e-02, -2.72439122e-02, -2.35558134e-02,
       -1.25134634e-02, 5.18609136e-02, -5.63570634e-02, -1.00676842e-01,
       -6.84968531e-02, 1.56569667e-02, 1.09407222e-02, -1.77873392e-02,
       -4.77898270e-02, -3.49480612e-03, 1.23442523e-02, 1.65211186e-02,
       3.44319604e-02, -2.84240972e-02, 3.45803946e-02, -1.90890003e-02,
       -3.82027775e-02, -4.87411171e-02, -9.89876036e-03,
       -1.08100556e-01, -1.33431274e-02, -3.21114473e-02, 6.32159645e-03,
       -3.18846330e-02, -2.89629167e-03, 8.01005438e-02, -1.64384227e-02,
       4.14662212e-02, 3.12117091e-03, -6.44813254e-02, -4.30301428e-02,
       1.64113939e-02, -5.61366156e-02, 7.84862321e-03, 9.78142396e-02,
       7.02375323e-02, -2.80510765e-02, -8.27325359e-02, 4.86427397e-02,
       -3.71215842e-03, 6.53473064e-02, 1.43581964e-02, -7.45706856e-02,
       -2.45137904e-02, 4.69322503e-02, -1.09959938e-01, -1.79241318e-02,
       3.04577909e-02, -1.60874352e-02, 8.05614367e-02, -1.51825184e-02,
       -6.51930422e-02, -1.39841130e-02, -1.88566633e-02,
       -5.37161678e-02, -6.01276830e-02, 2.76484005e-02, 2.48373859e-02,
       5.95345125e-02, -4.05495428e-03, -3.76280583e-02, 1.77886728e-02,
       2.27172431e-02, -2.10700068e-03, 1.36380913e-02, 6.53196126e-02,
       -9.22710523e-02, -7.40188360e-02, -1.79431401e-02, 3.12279761e-02,
