%YAML:1.0
---
matrix: !!opencv-matrix
   rows: 1
   cols: 512
   dt: f
   data: [ -5.84413938e-04, -2.61148792e-02, -2.68348642e-02,
       7.27042109e-02, 3.58603410e-02, -1.37119624e-03, -5.27690239e-02,
       -5.39958179e-02, 2.89439280e-02, 6.13784045e-03, 2.56533809e-02,
       1.29338177e-02, 3.65462061e-03, 4.92378697e-02, -2.38574333e-02,
       5.12047410e-02, 5.82856759e-02, 9.28194728e-03, 3.63215730e-02,
       1.12465201e-02, -4.65789903e-03, -4.03489694e-02, -2.33779605e-02,
       -2.96899304e-02, -1.09227411e-02, 1.12473015e-02, 5.02505302e-02,
       -1.97421890e-02, -5.85028604e-02, 5.75528480e-02, -1.54433399e-02,
       -1.95227191e-02, -6.37279823e-02, -2.29756534e-02, 1.00150220e-01,
       2.74582580e-02, -6.65703118e-02, -6.58615753e-02, 7.92235509e-02,
       -2.08343882e-02, 5.96100204e-02, -1.03726864e-01, 6.62520155e-02,
       -1.37492362e-02, -5.96469603e-02, 3.30317207e-02, 1.23940902e-02,
       -3.36665772e-02, -1.13863696e-03, 1.59403652e-01, 3.47107388e-02,
       -4.46058996e-02, -2.75190920e-02, 3.56177017e-02, 2.95908954e-02,
       -1.45825846e-02, -8.36261660e-02, -3.02183796e-02, 5.48060872e-02,
       -4.26767685e-04, 5.51157370e-02, -7.40924478e-02, -3.87125462e-02,
       -4.25707735e-02, -6.84346929e-02, 3.78985293e-02, -2.59324107e-02,
       -4.10993323e-02, -6.29219338e-02, -5.97068435e-03, 1.32213170e-02,
       5.29480241e-02, 1.32732391e-02, 8.60096589e-02, -1.41227990e-02,
       1.99088976e-02, 6.23400398e-02, 4.42754924e-02, -3.82300327e-03,
       -1.81298051e-02, -3.33255678e-02, 6.45131059e-03, -1.96286999e-02,
       -5.35921305e-02, -5.70025109e-03, -2.85800789e-02, 1.31267570e-02,
       -5.90363406e-02, -9.29191895e-03, 5.16434126e-02, -1.93624869e-02,
       -7.33449403e-03, -2.91178804e-02, -2.38733320e-03, 1.59066617e-02,
       1.40397726e-02, 5.77741116e-02, 4.38552583e-03, -4.60588187e-02,
       -9.46834236e-02, -2.26654112e-02, 3.04494184e-02, 4.33512628e-02,
       -4.58692051e-02, -7.28174299e-02, 6.05536550e-02, 8.57490674e-02,
       2.46764626e-02, -1.28861107e-02, 1.10855000e-02, -2.18268260e-02,
       -2.02994216e-02, -3.27643268e-02, 7.52158836e-02, -4.33511101e-02,
       9.24286991e-03, -1.84879277e-03, -4.74615619e-02, -1.02077238e-02,
       -7.23971426e-02, -8.78355280e-02, -3.11750975e-02, 1.04484092e-02,
       -4.46520140e-03, 5.33030555e-02, 3.64341699e-02, 1.50879677e-02,
       -2.16347585e-03, 1.11599425e-02, -4.18939777e-02, 2.06885207e-02,
       -1.93488281e-02, 2.22497378e-02, 4.47021537e-02, -8.53814464e-03,
       -1.89383123e-02, -2.24939752e-02, 4.31827083e-02, 3.87314335e-02,
       4.85231541e-02, 4.38557975e-02, -7.92053491e-02, -4.20730881e-04,
       5.17302677e-02, 4.87515470e-03, 6.55702353e-02, -2.64880490e-02,
       4.42523247e-04, -8.12746864e-03, -2.03562453e-02, -1.85954459e-02,
       7.05403090e-03, 3.39172333e-02, 9.02095519e-04, 8.94474983e-02,
       2.25731060e-02, 1.34248892e-02, -2.93675661e-02, -2.42496915e-02,
       -2.79559772e-02, 7.03243655e-04, 2.65883226e-02, 6.01025112e-02,
       8.59085005e-03, 3.52086686e-02, 2.76799221e-02, 6.79136291e-02,
       -3.03377956e-02, 3.19356993e-02, 2.33015884e-02, -6.18508644e-03,
       2.18323655e-02, 2.11969726e-02, -6.97288886e-02, -4.39778380e-02,
       3.61144654e-02, -6.58377856e-02, -1.01801697e-02, -9.13198516e-02,
       -4.34333310e-02, -1.53833730e-02, 4.11388204e-02, 2.96336580e-02,
       -2.85139657e-03, 4.42723650e-03, -5.28349634e-03, -3.98347154e-02,
       3.49822305e-02, -4.68796119e-02, -6.37329966e-02, 1.62319764e-02,
       -4.08771597e-02, -6.19643368e-03, -1.11039551e-02,
       -6.23092800e-02, -2.89253518e-02, 5.49565181e-02, 3.40586416e-02,
       5.62743060e-02, -1.63421649e-02, -9.28458176e-04, 4.07141112e-02,
       5.46438899e-03, -4.91812266e-02, 4.31679897e-02, -5.48903905e-02,
       5.87354600e-02, 1.01233773e-01, -9.31775048e-02, 6.03715815e-02,
       5.19837858e-03, 2.19249818e-02, -6.81931479e-03, -6.68560714e-02,
       3.63820232e-02, 3.05781458e-02, 8.82592052e-03, 7.23772310e-03,
       -5.98795749e-02, -1.19924163e-02, 3.18465978e-02, -8.26246589e-02,
       -2.15086620e-03, -9.02213063e-03, -4.82760482e-02, 5.66552654e-02,
       3.29334810e-02, 2.48583481e-02, -2.80367024e-02, 7.00691566e-02,
       -3.24966833e-02, 1.18124038e-02, -1.19772190e-02, -4.66274917e-02,
       6.81076646e-02, -4.42323312e-02, 1.25086047e-02, 9.70887542e-02,
       -6.84795436e-03, -7.90647790e-03, -6.81447983e-02,
       -7.54873604e-02, 2.81992787e-03, 4.44460567e-03, -1.87321343e-02,
       -4.35871407e-02, -1.04017248e-02, -1.82288792e-02, 4.14576307e-02,
       4.97960895e-02, -5.46036549e-02, 6.51478618e-02, -7.19862729e-02,
       -9.38203186e-03, -3.65478545e-03, 4.30446453e-02, 5.91946840e-02,
       -2.47134492e-02, 2.88398098e-02, -1.77694391e-02, 1.83628723e-02,
       2.51379199e-02, -6.48763031e-02, 9.76631045e-03, 2.87651084e-02,
       1.62014994e-03, -9.22634266e-03, 2.37261821e-02, 5.07706031e-02,
       -5.71855903e-02, -2.38131210e-02, -4.12587598e-02,
       -1.88963972e-02, -4.75002043e-02, 3.33243683e-02, -7.91565999e-02,
       3.87813747e-02, -5.64850867e-02, 5.17943467e-04, -7.20080659e-02,
       2.38893423e-02, 4.99424338e-02, -4.91044335e-02, 1.15113892e-02,
       1.24900574e-02, -2.15613209e-02, 3.52222957e-02, -8.45171325e-03,
       -7.50237480e-02, 1.08815514e-01, 9.16967690e-02, -2.89040599e-02,
       -4.72982787e-02, 1.46348402e-02, 2.23252103e-02, 1.52939083e-02,
       5.36175519e-02, -5.79579361e-02, 4.50778790e-02, 4.75987941e-02,
       -3.07414196e-02, -1.44938007e-02, -4.75201234e-02, 4.48835157e-02,
       3.21962275e-02, -7.30057955e-02, 3.50310467e-02, 4.36929055e-02,
       4.90580462e-02, -4.08951528e-02, 6.87336624e-02, -1.30250258e-02,
       -1.30421584e-02, -3.27972299e-03, 1.59953069e-02, 3.04008704e-02,
       -2.56411787e-02, 2.81238817e-02, 3.90833430e-02, 5.07942699e-02,
       -6.51146919e-02, -7.27547258e-02, 1.14376759e-02, 6.05245605e-02,
       -1.22766579e-02, -1.62734967e-02, -2.83490121e-03, 3.36230285e-02,
       -1.47425774e-02, -6.81333467e-02, -3.22280899e-02, 3.56058218e-02,
       -9.13105998e-03, -3.53640551e-03, 1.31659461e-02, 3.50704119e-02,
       -3.87396961e-02, -5.42263649e-02, 5.51049411e-02, 5.94465286e-02,
       -6.27387688e-02, 7.92360008e-02, -1.82039216e-02, -7.74849718e-03,
       3.45006697e-02, -6.96719065e-02, -5.84782623e-02, 4.00481969e-02,
       -3.43050845e-02, 8.62824321e-02, -4.42587882e-02, -2.85098664e-02,
       -3.76762263e-02, 7.86946900e-03, 5.22777811e-02, 5.99546582e-02,
       -4.85068150e-02, 1.77556425e-02, 4.26039882e-02, -3.14909220e-02,
       8.94004386e-03, 4.07823846e-02, 3.88081037e-02, 2.07772423e-02,
       4.55870740e-02, 2.57133543e-02, 2.56359279e-02, -1.25686496e-01,
       -4.87929843e-02, 3.57186571e-02, 6.86941370e-02, 8.18192586e-03,
       -1.39971167e-01, 2.03111395e-02, -2.64354162e-02, -1.51343858e-02,
       2.69391458e-03, 8.49271268e-02, -1.93576375e-03, 8.00575912e-02,
       -4.89566196e-03, -5.86138926e-02, -6.25701323e-02, 2.82412558e-03,
       -1.96246505e-02, -3.79681066e-02, -6.23192638e-02, 5.77904563e-03,
       -4.77303751e-02, -1.35093071e-02, -4.95355995e-03,
       -3.05339170e-04, -9.65977903e-04, -6.03231899e-02,
       -1.99336074e-02, 8.95578638e-02, -1.78376231e-02, -8.63154046e-03,
       2.53300704e-02, -4.69156019e-02, 4.60946606e-03, 1.96479298e-02,
       -5.07239066e-02, -9.02339001e-04, -1.83691401e-02,
       -3.07685770e-02, -6.49525076e-02, 1.77215133e-02, 1.25986516e-01,
       -4.00738157e-02, -2.95668859e-02, -5.46412468e-02, 1.53091159e-02,
       6.84683770e-02, -2.95578483e-02, 2.95938663e-02, 1.27671063e-02,
       -3.12594734e-02, 5.17571121e-02, 2.09222063e-02, -2.80725770e-02,
       1.80947799e-02, 1.53577747e-02, 3.96014452e-02, -4.13835831e-02,
       -2.08903234e-02, 2.87966747e-02, -3.69953848e-02, 3.41759212e-02,
       5.14157675e-02, -1.48464572e-02, -2.00534016e-02, 4.53946777e-02,
