%YAML:1.0
---
matrix: !!opencv-matrix
   rows: 1
   cols: 512
   dt: f
   data: [ 3.45617980e-02, 2.05825120e-02, -1.02798687e-02,
       -3.49321626e-02, 3.22818495e-02, 3.56416567e-04, 3.26652033e-03,
       -1.32542383e-02, -4.43910155e-03, -2.57983599e-02,
       -1.65218804e-02, 6.20976277e-02, -3.06961238e-02, -4.29575406e-02,
       3.29759531e-03, 6.09823875e-02, -1.49980551e-02, -1.33074531e-02,
       1.55696161e-02, -1.75568368e-02, -6.76107705e-02, -4.83439527e-02,
       8.20728578e-03, 6.81271497e-03, -3.36644650e-02, 2.02340689e-02,
       -6.05079439e-03, 2.19240505e-02, -9.64803621e-03, -8.24565813e-03,
       -9.93138365e-03, -1.96422879e-02, 9.57290363e-03, -1.10494666e-01,
       3.58447582e-02, -7.75963217e-02, 4.67416132e-03, -5.28659299e-02,
       -7.35580400e-02, 5.72398975e-02, -3.05047221e-02, 3.24095823e-02,
       2.84392759e-02, 6.08665822e-03, -1.10115269e-02, 5.21705151e-02,
       -3.87886018e-02, -2.79208217e-02, -2.00120378e-02, 1.12755904e-02,
       -1.30048217e-02, 4.96739754e-03, -5.93197383e-02, -4.58702706e-02,
       1.95609219e-02, 2.35139076e-02, 5.84352538e-02, -9.14880820e-03,
       -6.95902258e-02, -5.23237363e-02, 7.77099049e-03, 7.90825859e-02,
       -3.87335010e-03, -1.97026841e-02, -7.13377446e-02, 4.98284772e-03,
       2.28948221e-02, -6.86156899e-02, 2.27696188e-02, -5.25885522e-02,
       3.73979658e-02, 2.74181422e-02, -2.88961432e-03, 7.29805266e-04,
       2.80502066e-02, 2.59385817e-03, -2.38207541e-02, 4.36024256e-02,
       7.57152215e-02, -1.76669285e-02, 4.74866778e-02, 2.61853263e-02,
       3.20070758e-02, 7.22954571e-02, 5.48554026e-02, 7.65833780e-02,
       -2.23177280e-02, 4.41197976e-02, 4.60770316e-02, 1.67938117e-02,
       1.91643201e-02, 1.99604426e-02, 3.99545059e-02, -7.62183964e-02,
       1.09202019e-03, -4.86485884e-02, -9.22989249e-02, -3.02505344e-02,
       4.92411070e-02, -3.93426418e-02, 5.16273305e-02, -8.53893086e-02,
       2.22237669e-02, -9.47011728e-03, -2.83962768e-02, -1.71153620e-02,
       2.04998497e-02, 5.93505101e-03, 6.90658092e-02, -3.98822688e-02,
       7.95431286e-02, -6.17024302e-02, -8.44570436e-03, -9.94966738e-03,
       -8.17491934e-02, 1.58285704e-02, -5.00399095e-04, -2.08027475e-02,
       -8.52819979e-02, -5.78187890e-02, -2.19464023e-02,
       -3.61621529e-02, -2.07860004e-02, 7.40040243e-02, 1.12020634e-02,
       2.45994190e-03, 1.26933707e-02, 1.35859950e-02, -6.78432127e-03,
       2.23978218e-02, 4.34448011e-02, -4.59639775e-03, -2.59436090e-02,
       2.57901251e-02, -4.49245758e-02, -4.69371118e-02, -3.44587490e-03,
       -8.52653980e-02, -4.01347540e-02, -5.53783327e-02, 2.69263424e-02,
       -2.17514969e-02, 1.62823033e-02, 2.86324788e-02, -3.05216946e-02,
       3.69464569e-02, -6.39610812e-02, -1.67648140e-02, -4.37000592e-04,
       -1.08609404e-02, -3.29381973e-02, 5.79868183e-02, -3.79056782e-02,
       -1.96306221e-03, -8.76995735e-03, -1.62181780e-02, 2.61179991e-02,
       -4.12317477e-02, -7.71063864e-02, -4.66471799e-02, 9.99499857e-03,
       -5.90747893e-02, 3.27821374e-02, -2.55704243e-02, -3.00907455e-02,
       4.11037505e-02, -2.46718852e-03, -2.00041067e-02, 2.45611425e-02,
       -5.48816994e-02, 6.75761112e-05, 4.04040627e-02, -5.94892055e-02,
       4.77812439e-02, -7.03050271e-02, 7.91205391e-02, -3.78698297e-02,
       -3.57830413e-02, -7.60254115e-02, -4.19735955e-03,
       -5.19774109e-02, 1.69360116e-02, -2.01199017e-02, 2.60014981e-02,
       -9.67130214e-02, -1.59501880e-02, -2.17279308e-02, 1.35532031e-02,
       -3.09435595e-02, -6.44518435e-02, 6.64688647e-02, -9.26094130e-03,
       -1.03541967e-02, -5.13730273e-02, 3.87894996e-02, -7.48302341e-02,
       7.63182575e-03, 1.38138393e-02, -4.74333838e-02, 6.19348884e-03,
       -5.03552593e-02, 1.37071137e-03, -1.80444180e-03, 1.84543878e-02,
       1.08215185e-02, 1.87443160e-02, 1.88234169e-02, 9.49679967e-03,
       -1.26683284e-02, 1.31479288e-02, 5.45734633e-03, 2.92551126e-02,
       -2.44779065e-02, 4.99116294e-02, -1.08955406e-01, -3.62087712e-02,
       -5.67980297e-02, 7.98910782e-02, -2.97096483e-02, 1.03996200e-02,
       -1.05009593e-01, -2.61428617e-02, -4.31735814e-03,
       -7.52895847e-02, -2.37614810e-02, -1.04662441e-01,
       -5.22992723e-02, -6.90220594e-02, 2.32696962e-02, 1.11445449e-01,
       -4.08925824e-02, 5.24304621e-02, -1.37845415e-03, -4.75205295e-02,
       -8.36049952e-03, -3.26119922e-02, 3.50336581e-02, 1.66088846e-02,
       1.90269742e-02, -5.11153862e-02, 5.30924462e-02, 4.88712862e-02,
       1.14695840e-02, -1.73620116e-02, 2.00638715e-02, -5.53088449e-02,
       3.82187665e-02, 6.55892193e-02, -3.34985852e-02, -6.67541102e-02,
       7.58037344e-02, -1.92238297e-02, 5.83572872e-02, 1.14280256e-02,
       -7.79306516e-02, 2.48726960e-02, -8.61848816e-02, -1.73764806e-02,
       2.39478773e-03, -1.04139939e-01, 8.30758214e-02, 6.45508468e-02,
       -2.43265666e-02, -2.02759914e-02, -4.81579974e-02, 3.74984592e-02,
       8.14507063e-03, 4.41568680e-02, 1.23281125e-02, 5.24904430e-02,
       6.33689612e-02, -4.25404720e-02, 3.47709879e-02, 1.71956625e-02,
       2.99430974e-02, 1.39513062e-02, 2.40505692e-02, -3.33122984e-02,
       3.63334306e-02, 1.19731084e-01, -4.14297283e-02, 6.11531213e-02,
       2.38137003e-02, -1.68443937e-02, 1.99361909e-02, -3.76580805e-02,
       7.64981210e-02, 1.67133175e-02, -7.82473311e-02, 4.11164612e-02,
       -7.31369182e-02, 1.04823010e-02, -2.11141817e-02, 2.86028590e-02,
       -4.71597072e-03, -1.71493217e-02, -8.83423835e-02, 2.04375740e-02,
       1.02387331e-01, 1.08841270e-01, 3.72065566e-02, -1.30668050e-03,
       4.88767065e-02, -5.87600842e-02, -3.65008600e-02, 3.33054215e-02,
       2.92882733e-02, -7.48227211e-03, -3.56098614e-03, 4.78023812e-02,
       8.66555721e-02, 3.43720205e-02, -3.16071548e-02, 1.35320351e-02,
       -8.29366148e-02, 6.43067621e-03, 6.51509315e-03, 8.12368244e-02,
       1.22164125e-02, 6.74093887e-02, 1.54060172e-02, -8.00074171e-03,
       -2.21935660e-02, -2.50525624e-02, 4.35396619e-02, -5.04656620e-02,
       5.55110537e-02, -4.77992520e-02, 6.33301958e-02, -1.49606196e-02,
       3.98620851e-02, 4.19216417e-02, 3.29489782e-02, -1.39374230e-02,
       3.86289991e-02, 1.72649212e-02, 5.08308783e-02, 4.05709185e-02,
       2.79635470e-02, 4.53357249e-02, -7.16013387e-02, 6.12659976e-02,
       3.37954573e-02, -3.59457806e-02, 6.53699562e-02, 6.96752742e-02,
       -3.52547392e-02, 3.56225520e-02, -1.62501317e-02, -5.10934107e-02,
       -2.91321667e-05, 2.02599131e-02, -4.59022634e-02, 1.79336555e-02,
       3.46831419e-02, 1.03830546e-01, 1.20514557e-02, -2.13189404e-02,
       -2.74979062e-02, -3.14851175e-03, -2.82179248e-02, 6.96810409e-02,
       3.59648615e-02, -3.63720395e-02, 1.75610296e-02, -2.51808260e-02,
       -1.43063786e-02, -3.58352214e-02, -8.54767766e-03, 2.11189408e-02,
       -4.17573377e-02, -6.00119345e-02, -7.71112274e-03, 4.08086032e-02,
       -6.48455247e-02, 7.99161196e-02, 3.52884568e-02, 9.51530319e-03,
       1.29256453e-02, -3.44078355e-02, -1.19470097e-02, 1.57965848e-03,
       -1.95620721e-03, -5.56948595e-02, -3.64256278e-02, 9.11736116e-03,
       7.89239164e-03, -3.50653678e-02, -1.29102841e-02, -5.97483665e-02,
       -7.18438765e-03, -6.36745319e-02, 7.05395639e-02, -9.52925999e-03,
       1.67252608e-02, 7.31318295e-02, -3.93360667e-02, -3.69740315e-02,
       -3.11713796e-02, 1.54635101e-03, -5.70919104e-02, 3.94988656e-02,
       -5.23833483e-02, 6.82057347e-03, -1.75665915e-02, 7.86404610e-02,
       -5.75159267e-02, -1.12448717e-02, -5.24641685e-02,
       -1.54253580e-02, -4.21114974e-02, 3.03784590e-02, -5.02103753e-02,
       1.18687702e-02, 2.49880850e-02, 7.63613870e-03, 1.91311203e-02,
       6.31906167e-02, -1.68375745e-02, -6.66148588e-02, -2.59520505e-02,
       2.94586066e-02, -3.70620489e-02, 2.70373207e-02, 9.79572767e-04,
       -1.05407890e-02, 3.73117104e-02, 2.70625539e-02, -7.77951032e-02,
       -8.01995397e-02, -2.24461071e-02, 6.98675914e-03, -5.65683432e-02,
