%YAML:1.0
---
matrix: !!opencv-matrix
   rows: 1
   cols: 512
   dt: f
   data: [ 5.38165448e-04, -6.53906912e-02, -1.61352102e-02,
       7.69090578e-02, -3.09775397e-03, 2.74891779e-02, 2.42646318e-02,
       2.65144277e-03, 1.64018758e-02, 6.41976595e-02, 4.34377007e-02,
       -2.18805224e-02, -3.53186727e-02, 7.87149891e-02, -7.79783651e-02,
       -8.63803253e-02, 9.72199962e-02, 2.99563855e-02, -4.79259454e-02,
       4.27273661e-02, 5.93520254e-02, 1.20404605e-02, 3.31336074e-02,
       8.23199004e-02, -1.16779888e-03, -3.62012796e-02, -1.53101832e-02,
       4.90859523e-02, -3.58726531e-02, 4.67462698e-03, 1.70813072e-02,
       -6.70248121e-02, -2.00419948e-02, -8.45152885e-02, 3.90765667e-02,
       3.24331149e-02, -5.68219414e-03, 5.25512286e-02, -4.86321822e-02,
       2.04816759e-02, 2.91030295e-02, -5.61807081e-02, -1.00903600e-01,
       4.24714833e-02, 2.86046555e-03, 5.67986220e-02, 7.34759569e-02,
       2.38451995e-02, -9.27544013e-02, -7.83765987e-02, -4.18660864e-02,
       2.98538022e-02, 3.50453183e-02, -1.13113634e-02, -4.06335928e-02,
       -1.12172384e-02, 3.91395316e-02, 7.50758797e-02, 1.03763200e-01,
       1.01154391e-02, -8.50547012e-03, -5.29513508e-02, -4.75069843e-02,
       -8.06887634e-03, -5.61097860e-02, 3.59154828e-02, 8.29932168e-02,
       -2.05223225e-02, 1.41358972e-02, 3.79443988e-02, -6.16941936e-02,
       -2.37792414e-02, 2.48568179e-03, -4.93382737e-02, -2.62585711e-02,
       -2.55556460e-02, -5.07705193e-03, -5.33671677e-02,
       -1.18172606e-02, -7.15975165e-02, -2.35102288e-02,
       -8.33066530e-04, 9.78241488e-03, 2.81240381e-02, 4.35255654e-02,
       -1.64285972e-04, -4.17982154e-02, -3.33437370e-03,
       -5.07629588e-02, -1.44425342e-02, -1.51820167e-03,
       -3.30338255e-02, -5.58085879e-03, -2.04527844e-02,
       -3.56905698e-03, 1.22351423e-02, -2.99946927e-02, -2.54815631e-02,
       -4.40961123e-02, -4.09119502e-02, 1.33843422e-02, 2.62851603e-02,
       4.83776676e-03, -1.09178741e-02, 5.21690175e-02, 2.89848130e-02,
       -2.64855046e-02, 5.27346367e-03, 3.26691428e-04, -8.98685830e-04,
       1.87068768e-02, -4.74082828e-02, -1.25935944e-02, 2.68145315e-02,
       1.60605367e-02, -4.68514897e-02, -9.35654994e-03, -4.01512161e-02,
       -6.03953004e-02, 6.30937964e-02, 5.57967462e-04, -9.96230692e-02,
       3.52810696e-02, -3.38160396e-02, -7.99363479e-02, 5.31640686e-02,
       4.83511910e-02, -8.62393249e-03, 2.14598626e-02, -5.16071729e-02,
       1.76963937e-02, -6.78003626e-03, 9.87271816e-02, 2.60660914e-03,
       -4.42449600e-02, -1.19614368e-02, -1.04763196e-03,
       -1.55448001e-02, 7.61294458e-03, 7.54595324e-02, -2.95495950e-02,
       -8.33987631e-03, 2.76290644e-02, 2.51367930e-02, -5.26680797e-02,
       -5.85578009e-02, -8.87225419e-02, -1.64653733e-02,
       -6.20877557e-02, -2.01705806e-02, -4.90695126e-02, 1.22176541e-03,
       -5.70185948e-03, -2.30448158e-03, 3.38458084e-02, -3.55432741e-02,
       -6.20813295e-02, 7.05136685e-03, -6.04921877e-02, -9.65051819e-03,
       3.79720181e-02, -1.72292627e-02, -3.20521444e-02, 6.02502786e-02,
       6.50639506e-03, -7.21780537e-03, 5.37601039e-02, -7.34839365e-02,
       4.31760736e-02, 2.73074880e-02, -4.79935249e-03, 8.79000407e-03,
       -4.05548885e-02, 1.36860115e-02, 6.24190122e-02, 2.71111932e-02,
       7.59735405e-02, 4.85922862e-03, 2.76640430e-02, 8.01213831e-02,
       -2.66501755e-02, -5.41842505e-02, -5.94240725e-02,
       -8.80317837e-02, -5.11898175e-02, 2.62200556e-05, -4.75576855e-02,
       1.55864554e-02, -7.57434964e-02, -2.83133108e-02, -2.83883605e-02,
       2.79386286e-02, -2.54135467e-02, 2.90259253e-02, 7.36477971e-03,
       -4.54686955e-02, 6.89573912e-03, 2.52148253e-03, 3.05430740e-02,
       -2.94547877e-03, 4.83884476e-02, 4.72411588e-02, 4.45419401e-02,
       4.10586223e-02, 5.59096560e-02, 4.31415392e-03, 3.28124948e-02,
       -8.77412707e-02, -2.14186944e-02, -2.84929331e-02, 9.38775111e-03,
       1.45115582e-02, 1.06837295e-01, 3.79307428e-03, -2.51221359e-02,
       -2.24927608e-02, -2.26565427e-03, 5.07121496e-02, 9.87536553e-03,
       -2.16509011e-02, -3.26823369e-02, -5.30343316e-02, 2.70824134e-02,
       -6.34798929e-02, -7.65371509e-03, -1.28724612e-02, 1.23202074e-02,
       -1.34830568e-02, 8.50751102e-02, -1.52125405e-02, -2.42106300e-02,
       -5.84606901e-02, -1.29900798e-02, 6.42914772e-02, 4.00781445e-02,
       1.63492672e-02, -8.25971067e-02, -1.06717506e-02, 3.64075266e-02,
       -9.47465301e-02, 8.96575525e-02, 2.37184353e-02, -1.68851800e-02,
       -3.25107761e-02, -4.14898917e-02, -5.00331167e-03,
       -1.17616365e-02, -1.92381162e-02, -4.64580506e-02, 2.73873191e-02,
       -7.16358945e-02, -8.42786431e-02, 7.79701322e-02, -1.56536829e-02,
       1.21351937e-02, -3.63679640e-02, 7.36303441e-03, 3.68082779e-03,
       5.71398139e-02, -5.69822676e-02, 4.14039847e-03, 1.29265646e-02,
       -6.83813682e-03, -2.23486237e-02, -6.55686185e-02, 8.22067335e-02,
       1.52970124e-02, 9.69082415e-02, -3.18853408e-02, -9.85240005e-03,
       -1.47237964e-02, 1.47886341e-02, -6.23083450e-02, -1.90168489e-02,
       -2.01809946e-02, 4.46610898e-02, -4.69285436e-02, 3.64601724e-02,
       6.89573884e-02, -5.90245351e-02, -3.69097143e-02, 2.59394534e-02,
       -1.63235441e-02, 1.99970119e-02, -7.33301491e-02, -2.05469020e-02,
       3.69758420e-02, -3.87192592e-02, -5.49437292e-02, -1.96236577e-02,
       -5.08686788e-02, -4.88622040e-02, 6.76124692e-02, 1.41147003e-02,
       -5.31187328e-03, -1.09640853e-02, -4.86343279e-02, 5.30624390e-02,
       6.54264688e-02, 4.01540212e-02, 3.41863260e-02, -8.02108347e-02,
       1.05237942e-02, -2.52319016e-02, -1.87075138e-02, -3.22055295e-02,
       -4.15375978e-02, 9.29948874e-03, 4.29531932e-03, 7.07895234e-02,
       -3.30606662e-02, -9.17392410e-03, -1.12366095e-01,
       -3.32680973e-03, -2.60340869e-02, -6.00286527e-03,
       -5.12790680e-02, 4.05278429e-02, 6.68217689e-02, 1.04594044e-02,
       -1.71916876e-02, 1.57862380e-02, -1.85462292e-02, 2.74693612e-02,
       2.20321789e-02, -2.61723772e-02, -6.31611943e-02, 6.02965616e-02,
       -6.24859426e-03, 3.08608729e-02, 3.67876180e-02, 1.87756661e-02,
       1.69891827e-02, 8.82204715e-03, 4.73238714e-02, 4.58441377e-02,
       -2.81789843e-02, 2.54194997e-02, 1.16948001e-02, 3.53929587e-02,
       2.93021016e-02, 2.10938975e-02, 5.54951094e-02, 7.55659118e-03,
       3.11168097e-02, 3.11483741e-02, 5.79610169e-02, -3.69960405e-02,
       -3.92537452e-02, 5.38556501e-02, -4.05943878e-02, -5.71413075e-05,
       -8.70884396e-03, -1.13890506e-01, 3.47820707e-02, 7.66272992e-02,
       -3.83216888e-04, -9.56210401e-03, 2.95444876e-02, 9.30558518e-03,
       -8.91636778e-03, -8.70928913e-03, 6.11861572e-02, 1.52533203e-01,
       7.66894817e-02, 8.79479665e-03, 3.64406668e-02, -6.51675835e-03,
       2.56074499e-02, -7.57765118e-03, -7.78415939e-03, 2.92232763e-02,
       1.61328651e-02, 5.85377589e-02, -6.38161693e-03, -2.59158015e-02,
       1.60471089e-02, -4.88122366e-02, -8.58577266e-02, 1.14619667e-02,
       -9.37561914e-02, -3.09678004e-03, 3.49162519e-02, 1.01169487e-02,
       -3.80765237e-02, 3.59973833e-02, -2.49587372e-02, 3.36040333e-02,
       3.06797791e-02, -5.58108352e-02, -1.10027991e-01, 7.95325264e-02,
       1.61806645e-03, -8.59016832e-03, -1.42608606e-03, -1.99305732e-02,
       -4.70062234e-02, 1.01547122e-01, -2.71866117e-02, -7.03598782e-02,
       -5.05237952e-02, -1.09377749e-01, -5.38655296e-02,
       -3.88354659e-02, 6.68112561e-02, 3.03848926e-02, 7.11278059e-03,
       -7.24512637e-02, -8.02795067e-02, 6.83141649e-02, -1.85630452e-02,
       -6.33314028e-02, -4.86444198e-02, 4.08854932e-02, 5.37366048e-02,
       1.40054598e-02, 5.67572983e-03, -1.27407778e-02, 2.82125510e-02,
       -7.34136552e-02, -5.81440665e-02, -2.10952312e-02,
       -5.23890778e-02, -3.24231610e-02, -5.08672036e-02, 1.91505142e-02,
       1.04817068e-02, -3.88587639e-02, 5.54206967e-02, -2.54978538e-02,
