%YAML:1.0
---
matrix: !!opencv-matrix
   rows: 1
   cols: 512
   dt: f
   data: [ 1.88718680e-02, -1.17977113e-02, -2.77935974e-02,
       1.71827748e-02, -1.58451032e-02, -2.70985253e-02, -4.18853574e-02,
       4.85092439e-02, 7.98103958e-02, -2.50937063e-02, 3.62531631e-03,
       -6.60919920e-02, -1.57800391e-02, 2.29168851e-02, -6.44713640e-03,
       6.72623888e-02, 1.49977775e-02, -2.08775979e-03, 9.30035412e-02,
       -1.02385702e-02, -2.73920856e-02, 5.33283204e-02, 4.77140248e-02,
       5.17379157e-02, 2.18890198e-02, -7.98312761e-03, -1.42500661e-02,
       -8.11758079e-03, 3.22077982e-02, -2.71866452e-02, 3.27971503e-02,
       -6.75822273e-02, -4.30403240e-02, -8.11972395e-02, 1.35684237e-01,
       4.37902510e-02, 5.25813513e-02, -1.07379062e-02, -4.38016504e-02,
       1.18898069e-02, 2.84324978e-02, -3.52946222e-02, 6.18976280e-02,
       -3.24578844e-02, 8.54950622e-02, 6.75820708e-02, -2.07429584e-02,
       4.65748161e-02, -4.66702171e-02, -1.08263176e-02, -3.91494073e-02,
       -2.21923329e-02, 1.91807859e-02, 8.51492584e-03, 2.60472540e-02,
       -1.24829747e-02, -1.24344639e-02, 1.15485080e-02, 3.24079096e-02,
       -7.05012679e-02, 1.05182817e-02, -2.34382078e-02, -5.85762188e-02,
       6.23235330e-02, 5.60364977e-04, 8.79591927e-02, 5.67044038e-03,
       1.36404736e-02, 8.19732342e-03, -3.47945392e-02, 8.61849338e-02,
       2.90677361e-02, 1.00414380e-02, 1.43063180e-02, -6.15918785e-02,
       -5.87563589e-02, -1.40427155e-02, -6.91268593e-02, 1.39801623e-02,
       2.12274604e-02, -2.06516664e-02, -4.47523296e-02, 1.82737373e-02,
       2.02773511e-02, -1.53748970e-02, 5.37430197e-02, 1.67472865e-02,
       -3.55198830e-02, 2.90542692e-02, 1.51596768e-02, 7.67202070e-03,
       -1.38413196e-03, -4.39031199e-02, 1.83322933e-02, -4.61444221e-02,
       -2.00048313e-02, 2.86650211e-02, 1.90426931e-02, 4.20307778e-02,
       -1.00477152e-02, -8.78535286e-02, -3.76341119e-02, 1.94959752e-02,
       4.45213169e-02, 2.16596443e-02, -8.21570382e-02, 8.40702467e-03,
       -2.28461828e-02, 1.02682514e-02, -4.30045351e-02, 3.27477306e-02,
       -2.56888941e-03, -6.03520544e-03, 4.08992842e-02, 2.33017653e-02,
       3.37507911e-02, -3.55954506e-02, 4.28138524e-02, -2.55665183e-02,
       -1.20466627e-01, 1.72889978e-02, -2.12003179e-02, -1.85347013e-02,
       -5.65782860e-02, -2.33335365e-02, 8.35076869e-02, -2.97606979e-02,
       6.24076799e-02, -3.95893399e-03, -1.36608053e-02, 4.26480919e-02,
       -1.56797713e-03, -5.32690175e-02, -3.11508570e-02, 3.82489478e-03,
       6.12909615e-04, -3.50192301e-02, -2.25278288e-02, 6.60398882e-03,
       1.88519079e-02, 1.30785881e-02, -4.83461469e-02, 1.73113439e-02,
       3.85541059e-02, -6.00369200e-02, -6.01273663e-02, -3.10130604e-02,
       -5.99663779e-02, 4.05805074e-02, 3.59422900e-02, -1.06536478e-01,
       -2.17211936e-02, -1.77210942e-02, -1.67855492e-03,
       -1.90977268e-02, -2.59030554e-02, -1.29010621e-02,
       -5.83195947e-02, 1.06876623e-03, 4.13311319e-03, -8.83707777e-02,
       2.51835939e-02, 2.31916253e-02, -1.49109783e-02, 6.15059584e-03,
       -4.50896621e-02, -8.98360088e-02, 4.29377221e-02, 1.63160767e-02,
       6.28465340e-02, 4.67012003e-02, 8.62060785e-02, -7.78625906e-03,
       8.33377913e-02, 1.90774407e-02, -3.37548926e-02, -4.88227140e-03,
       -2.42046770e-02, -9.74687282e-03, 7.02674314e-03, 3.48596927e-03,
       2.53233779e-03, -6.25848621e-02, 3.82841080e-02, -3.18511352e-02,
       8.98012426e-03, -3.74434479e-02, -7.33186901e-02, -5.27012311e-02,
       -1.37561036e-03, 4.51314375e-02, -3.20752151e-02, 2.13937033e-02,
       8.81900173e-03, -5.03233708e-02, 1.44330440e-02, 4.25289311e-02,
       -8.26360099e-03, -6.69793459e-03, 4.18074941e-03, -5.81392460e-02,
       8.11958984e-02, 5.25171906e-02, -1.56587120e-02, 2.26408523e-02,
       -6.00717105e-02, 3.18431370e-02, 2.63799280e-02, 1.19637074e-02,
       4.34536263e-02, -6.57804906e-02, -4.58526076e-04, -1.04299816e-03,
       -2.12803092e-02, -3.15120891e-02, -2.83807795e-02, 1.77094359e-02,
       5.52653894e-03, -3.29300985e-02, 4.61479612e-02, -2.19108053e-02,
       -2.66397130e-02, 5.89811767e-04, -4.13748249e-02, -2.66652294e-02,
       1.84020810e-02, 1.92745274e-03, -2.97683515e-02, -3.70521359e-02,
       2.07133777e-02, -2.03524586e-02, 3.90208513e-03, 1.48583259e-02,
       -4.96216007e-02, 4.13566120e-02, 2.13491041e-02, 5.52728139e-02,
       8.18789825e-02, -2.00308375e-02, -2.51470308e-04, 8.30616429e-02,
       2.28294320e-02, -7.73338750e-02, -4.55360338e-02, 4.85673547e-02,
       -2.70339753e-02, -7.59321824e-02, 1.49715208e-02, -7.98446238e-02,
       4.10012193e-02, 7.84090310e-02, -4.45347428e-02, -7.80658349e-02,
       1.62258907e-03, 9.66182537e-03, -3.24547701e-02, 1.50791509e-02,
       -4.13593352e-02, -2.24140284e-04, 4.87524942e-02, -1.13729034e-02,
       3.22730355e-02, -6.26601800e-02, -1.74923390e-02, 3.23541686e-02,
       3.76672260e-02, -1.17612571e-01, 1.12618441e-02, 1.72676202e-02,
       -1.64647092e-04, -5.65507077e-03, 9.90518020e-04, -1.67071782e-02,
       -1.83070507e-02, -9.60012525e-02, -1.02069750e-01, 4.60011624e-02,
       -2.96550300e-02, -2.04512682e-02, -5.14243394e-02,
       -3.64099033e-02, 5.58692962e-02, 1.41726527e-03, -2.13042833e-02,
       -8.35505798e-02, -1.08766127e-02, 2.30203476e-02, 2.86413599e-02,
       -3.64831351e-02, -6.50122762e-02, -1.08793244e-01,
       -4.02723663e-02, -8.43408480e-02, -2.29204539e-02,
       -3.80733088e-02, -2.23044697e-02, -3.60753797e-02, 4.79986928e-02,
       2.48271469e-02, 6.46990165e-02, -1.45706376e-02, 4.45818668e-03,
       6.82060122e-02, -3.67371365e-02, 4.58061546e-02, -2.75092870e-02,
       -1.98273119e-02, -2.19865534e-02, 8.51276591e-02, 4.21801582e-02,
       5.13092205e-02, -2.56178565e-02, -1.34777687e-02, -2.06587818e-02,
       -5.12610525e-02, -2.83830836e-02, -1.99985616e-02, 1.38601968e-02,
       1.27400598e-02, -9.61468928e-03, 2.99531184e-02, -5.44887483e-02,
       3.73734273e-02, 1.25171887e-02, -5.67230675e-03, -7.43343979e-02,
       -1.93925458e-03, -5.25366776e-02, 4.82999496e-02, 3.34355794e-02,
       9.57415346e-03, 4.76603843e-02, -1.83860324e-02, -6.79986700e-02,
       -4.73659709e-02, 5.93889467e-02, -9.09259822e-03, 3.14054824e-02,
       -4.84661013e-02, 4.95119579e-02, 4.71305102e-02, 1.78252794e-02,
       -2.43385546e-02, -5.54208271e-03, 4.79333103e-02, -8.75500590e-02,
       -2.76308954e-02, 5.55683114e-02, 3.45104467e-03, 8.29620883e-02,
       4.28029262e-02, -1.98916979e-02, -6.51646033e-02, -9.02783573e-02,
       -3.47672477e-02, 2.49603428e-02, 4.04684432e-02, -4.23798058e-03,
       4.70334059e-03, -5.07045165e-02, -1.00352667e-01, -5.16913794e-02,
       4.89497185e-03, -4.43621073e-03, 9.18146372e-02, 2.66385707e-03,
       -5.33252396e-02, -7.37538934e-02, 4.21284996e-02, 1.62780788e-02,
       -5.18143177e-03, -4.76860665e-02, -3.78449671e-02, 4.35261913e-02,
       -1.95326582e-02, -3.89769487e-02, 2.11085714e-02, 6.81152791e-02,
       4.55736294e-02, -4.06741872e-02, 6.09417213e-03, 2.45862664e-03,
       4.99835536e-02, -4.60434519e-03, -5.35379462e-02, -4.90080081e-02,
       2.94982456e-02, 4.39119729e-04, 1.16520589e-02, -2.38848608e-02,
       3.93526740e-02, -1.89306289e-02, 6.91724494e-02, -1.82219706e-02,
       -1.03384983e-02, -2.46004891e-02, 1.01244859e-01, -2.86751371e-02,
       2.15802062e-03, -9.42087844e-02, -3.45473811e-02, -9.68778413e-03,
       1.79910846e-02, -7.22445622e-02, -2.71395105e-03, 1.39224054e-02,
       -8.66046995e-02, 1.01125203e-01, -1.63625237e-02, -2.47616647e-03,
       -4.88602445e-02, 3.39963511e-02, -6.13995343e-02, 1.88189149e-02,
       8.94277617e-02, -6.36065975e-02, 3.67105007e-02, 1.94848459e-02,
       -4.84737456e-02, -5.73267676e-02, -6.10012561e-02, 9.89171956e-03,
       2.86166035e-02, 3.80653962e-02, -4.98549640e-03, -1.23711089e-02,
       1.59339197e-02, -4.35772762e-02, 3.34811509e-02, -1.70273632e-02,
