%YAML:1.0
---
matrix: !!opencv-matrix
   rows: 1
   cols: 512
   dt: f
   data: [ -4.94609736e-02, -4.72976677e-02, -2.97072064e-02,
       -1.69827770e-02, 1.35162268e-02, 2.75229174e-03, -9.38805640e-02,
       2.36603562e-02, 1.91346016e-02, 2.66314694e-03, 6.13589920e-02,
       -1.98881119e-03, 5.35887433e-03, 1.00588463e-01, 1.88751295e-02,
       -1.76326931e-02, 5.85170947e-02, -9.29635316e-02, 4.73092310e-02,
       1.09339178e-01, -3.70716304e-03, 3.93191203e-02, 1.36209607e-01,
       3.49310152e-02, -2.58860588e-02, -2.90451255e-02, 4.44642268e-02,
       1.39842723e-02, 1.92249697e-02, -1.76763255e-02, 5.07566817e-02,
       2.17342726e-03, -2.76957592e-03, -2.66303904e-02, -3.86214219e-02,
       2.69337613e-02, -8.36054087e-02, 1.35680316e-02, -4.75641862e-02,
       -6.09905506e-03, 2.19513383e-02, -1.09308429e-01, 2.79209577e-02,
       -5.05414866e-02, -1.86560564e-02, -5.81684634e-02,
       -5.68686165e-02, 1.89646445e-02, -1.25620365e-02, -1.03182510e-01,
       -7.67885447e-02, 9.02033597e-03, -5.35925627e-02, -3.50727723e-03,
       -2.05187909e-02, 5.43241389e-02, -2.29083300e-02, 7.62720853e-02,
       -2.69582612e-03, 3.23029459e-02, 4.04099002e-02, -4.97528315e-02,
       -1.93844493e-02, 7.41847744e-03, 2.57982910e-02, 1.34703424e-02,
       -1.24707269e-02, 1.12401685e-02, 1.02269165e-01, 5.51405847e-02,
       4.65596169e-02, 5.27635217e-03, 2.27856524e-02, 4.61900868e-02,
       -3.95319276e-02, -1.87962484e-02, 2.35429145e-02, -6.06663115e-02,
       -7.11167008e-02, -9.78806801e-03, -3.57960798e-02,
       -3.09022851e-02, 5.22109680e-02, -5.92639744e-02, 2.59198435e-02,
       2.61621904e-02, -6.90446375e-03, 3.34753618e-02, 6.11750707e-02,
       -8.73533264e-03, 2.13351604e-02, -3.71982865e-02, -4.42084223e-02,
       3.19831111e-02, 6.81216717e-02, -2.24082749e-02, 1.46722244e-02,
       3.87131050e-02, -3.67616164e-03, 3.13129239e-02, 7.02810893e-03,
       -3.70163061e-02, -4.74586748e-02, -2.21954826e-02,
       -1.06161619e-02, 1.22231230e-01, 2.07222849e-02, 6.12789132e-02,
       -1.21455221e-02, 3.60165983e-02, 3.72785740e-02, 7.20142713e-03,
       6.63397554e-03, -6.79397210e-02, -5.88332489e-02, -2.36556698e-02,
       1.28107946e-02, -3.39177474e-02, 9.13928822e-02, 3.97839211e-02,
       5.46266604e-03, -6.76574484e-02, -8.51223543e-02, -9.17630345e-02,
       -7.60007948e-02, -4.82444018e-02, -2.82747019e-02,
       -1.80403758e-02, 4.65943143e-02, -2.73385346e-02, -1.22860894e-02,
       5.37293330e-02, 7.76948454e-03, -4.03050706e-02, 2.72955105e-04,
       5.28338589e-02, -8.86959732e-02, -3.14858630e-02, 9.89344716e-03,
       -1.08722635e-02, 4.67029065e-02, 5.68696763e-04, 4.02291818e-03,
       -5.17273210e-02, 2.20632385e-02, -1.87771358e-02, -8.33083540e-02,
       -1.42133022e-02, 3.36668827e-02, 4.81767021e-02, 4.27272730e-02,
       -1.50198387e-02, -9.56863631e-03, -2.25232020e-02, 1.75409801e-02,
       3.41781899e-02, 2.43715085e-02, 6.13482147e-02, -3.73914577e-02,
       4.29830998e-02, 5.06118387e-02, 6.78451732e-02, -3.60529348e-02,
       -3.52586731e-02, 2.10299194e-02, 2.92928293e-02, 9.90267992e-02,
       6.92453794e-03, 4.70081121e-02, -1.20096635e-02, 1.42196305e-02,
       1.37704732e-02, 4.39833589e-02, 7.84943402e-02, -3.72323766e-02,
       3.22054233e-03, 7.98835084e-02, -1.23888906e-02, -1.16198480e-01,
       3.52618247e-02, -2.34913863e-02, 1.96714457e-02, -2.44278368e-02,
       -2.87671462e-02, 8.43881816e-03, 6.00394979e-03, 1.04674399e-02,
       1.64741266e-03, 4.07779180e-02, -8.21696520e-02, -1.61710083e-02,
       1.02517083e-02, -9.64607298e-02, -1.64308939e-02, -1.45108737e-02,
       4.25802283e-02, 2.25131977e-02, 3.22451219e-02, 2.83877887e-02,
       2.48953365e-02, 2.15655584e-02, -1.70919914e-02, 8.25095549e-03,
       4.44819778e-03, 3.26616094e-02, 2.59256195e-02, -4.31155115e-02,
       -3.19622941e-02, -2.43914425e-02, -4.91471849e-02,
       -7.47539252e-02, -3.08488421e-02, 6.56270981e-02, 3.71021815e-02,
       -5.01240678e-02, 1.47489822e-02, -3.43908812e-03, 2.58289222e-02,
       5.56393852e-03, -7.16258958e-02, 3.75594236e-02, -7.83337932e-03,
       6.82815462e-02, 4.13635783e-02, 5.11390828e-02, -6.51402306e-03,
       -5.93194067e-02, 4.22404008e-03, 1.03485882e-02, 7.50465458e-03,
       1.06869020e-01, -2.66399737e-02, -1.37242256e-02, 4.28144857e-02,
       -6.69569671e-02, -3.51733230e-02, -7.77861997e-02, 3.94106023e-02,
       5.65899275e-02, 8.50078315e-02, -2.50657613e-04, 2.02755053e-02,
       -2.06528157e-02, -4.59304564e-02, -4.44381945e-02,
       -5.29098958e-02, -4.02686447e-02, 2.16318183e-02, 5.90729304e-02,
       -6.56172857e-02, -1.83278825e-02, 4.08757776e-02, -7.29535595e-02,
       -5.15507767e-03, -3.81818637e-02, -2.08403599e-02, 8.79632384e-02,
       5.26264049e-02, -1.54432831e-02, -3.11757140e-02, 5.11959009e-02,
       -3.31917778e-03, -7.88661093e-02, -6.58710441e-03,
       -1.35824364e-02, 2.37134174e-02, -4.13200073e-02, 6.07724525e-02,
       1.31458836e-02, 4.92592808e-03, -1.89134143e-02, 3.71885858e-02,
       -1.79578960e-02, -3.02212350e-02, -2.92151123e-02, 4.36471701e-02,
       -3.23479399e-02, 2.16995534e-02, -5.03994711e-02, 1.20223481e-02,
       9.06153321e-02, -3.45256403e-02, 2.50551179e-02, 8.23554117e-03,
       -6.58019334e-02, 3.02700642e-02, 4.86672707e-02, 2.93275472e-02,
       3.30737084e-02, -1.44794853e-02, 2.12748162e-03, -5.07369004e-02,
       1.66771449e-02, -3.64767238e-02, 3.62208486e-02, -3.34803388e-02,
       -6.18330110e-03, 2.62775756e-02, 1.07235378e-02, -2.48224176e-02,
       -4.18645814e-02, -3.37175503e-02, -1.85852572e-02,
       -5.97822713e-03, -4.54028584e-02, -3.09068728e-02, 8.02494492e-03,
       -5.42376898e-02, -4.09647822e-02, 4.15387116e-02, -3.86366248e-02,
       1.96943544e-02, 2.45983526e-03, 7.90774822e-03, 3.12457364e-02,
       3.10240895e-03, 1.28477111e-01, 2.19628550e-02, 5.12242550e-03,
       1.30255856e-02, -4.34940159e-02, 1.63596291e-02, -2.28542946e-02,
       -4.63636704e-02, 4.72858846e-02, -8.84946901e-03, -5.92948832e-02,
       -1.33631509e-02, 1.28082838e-02, -2.31571645e-02, 5.46922497e-02,
       -2.43772119e-02, -6.83108643e-02, 2.01319810e-02, -9.45769101e-02,
       4.96788928e-03, 3.73627283e-02, -5.88409007e-02, 5.82701564e-02,
       9.08561423e-02, 5.65242283e-02, 4.10744883e-02, 1.85666848e-02,
       5.13674095e-02, 9.48336348e-02, 1.02507502e-01, 6.50986880e-02,
       1.09618939e-02, 8.41562822e-02, 3.49790417e-02, 1.75239146e-02,
       -2.15760246e-03, -3.06697357e-02, -3.03034354e-02,
       -5.03293984e-03, -4.01514806e-02, -2.18315348e-02, 3.24956104e-02,
       1.69083960e-02, 2.57359166e-02, -1.85133405e-02, -2.64002010e-02,
       1.12398662e-01, -4.82412837e-02, -7.74736404e-02, 4.32989299e-02,
       -4.75831330e-02, -8.90277699e-03, -1.11639993e-02,
       -4.98638488e-03, -5.39541282e-02, -2.26711519e-02, 9.95547976e-03,
       -3.58993327e-03, 3.08090895e-02, -4.37497795e-02, 7.88196176e-02,
       -4.92440201e-02, -5.50888404e-02, -3.96010205e-02,
       -2.63166055e-02, 2.91438214e-02, 1.32356435e-02, 7.03251874e-03,
       -3.15030962e-02, 5.28527703e-03, -4.76970114e-02, -1.77414622e-02,
       1.30862361e-02, -1.46601517e-02, -5.06393192e-03, 1.05535612e-02,
       -4.37700562e-02, -5.09611964e-02, -1.59638207e-02,
       -3.42907123e-02, 2.92291981e-03, 1.69942956e-02, -3.64630930e-02,
       2.48866156e-02, -6.05908372e-02, -2.19693165e-02, 3.33418250e-02,
       1.27285747e-02, -2.80732065e-02, 7.34308586e-02, -9.45946667e-03,
       -1.11109756e-01, 2.99057476e-02, -1.95273291e-02, -5.03965430e-02,
       -1.19725158e-02, 3.48164700e-03, -1.90379564e-02, -3.37993093e-02,
       -8.41484219e-03, 9.65182856e-03, 2.45600734e-02, 1.26573890e-02,
       -1.71609130e-02, -1.87953655e-02, 2.89902203e-02, 5.48696145e-03,
       -4.95880283e-02, -9.70950499e-02, 7.62945099e-04, -1.13495123e-02,
       1.12295896e-02, -1.33134925e-03, 1.49612874e-03, 2.56106630e-02,
