%YAML:1.0
---
matrix: !!opencv-matrix
   rows: 1
   cols: 512
   dt: f
   data: [ -1.61953364e-03, 5.09269908e-02, -4.59668301e-02,
       1.54219347e-03, 1.38651850e-02, -4.15473208e-02, -1.30714122e-02,
       3.72783630e-04, -6.53187931e-02, -8.92344117e-02, -3.01820114e-02,
       -4.29298617e-02, -5.93812391e-02, -6.07791953e-02, 3.35363895e-02,
       2.64254343e-02, 1.01531167e-02, 3.09013911e-02, 2.23071035e-02,
       5.51443212e-02, 2.48992536e-02, 2.38170028e-02, 7.92949870e-02,
       5.08393124e-02, -6.54846290e-03, -2.96729952e-02, 6.37339950e-02,
       -3.55868042e-02, -4.98289652e-02, 5.85839488e-02, -1.03472462e-02,
       2.35171057e-02, -4.08900976e-02, -5.56127764e-02, 6.84907958e-02,
       1.18824712e-03, 2.65939385e-02, 2.89660133e-02, -3.54977027e-02,
       -8.66966415e-03, 3.28380018e-02, -1.76890788e-03, -4.51374501e-02,
       5.10037206e-02, 3.37002464e-02, 5.19611947e-02, 8.04136414e-03,
       3.73314992e-02, 2.10242532e-03, -9.42966789e-02, -3.04026669e-03,
       -3.06947995e-02, 3.63455154e-02, -4.43122014e-02, 1.66548509e-02,
       -5.08937947e-02, -8.21535289e-03, 8.83256942e-02, 1.24430824e-02,
       -3.74544039e-02, -3.27489601e-04, -1.11029018e-02,
       -6.28430098e-02, 6.10214397e-02, -1.56259704e-02, -2.01271214e-02,
       7.80408978e-02, -1.75068509e-02, 4.95038219e-02, 6.70441017e-02,
       6.51656743e-03, -6.54896796e-02, -6.46228194e-02, 2.27802321e-02,
       -2.03228202e-02, -4.61858558e-03, -4.71957289e-02,
       -9.62843671e-02, 2.65712675e-04, -3.75730135e-02, 2.52276268e-02,
       1.50346560e-02, 5.39760552e-02, -1.69927347e-02, 3.19256037e-02,
       -1.38875889e-02, -5.03941402e-02, -1.33956950e-02, 6.30852357e-02,
       -7.62681067e-02, 7.69847184e-02, -3.32583822e-02, -5.26294783e-02,
       7.71968588e-02, -1.32165710e-02, 6.24316325e-03, 3.08910627e-02,
       4.38700430e-02, 3.67510540e-04, 6.90814387e-03, -1.94043256e-02,
       4.45399061e-02, -6.86077252e-02, 2.20575929e-02, 6.02556840e-02,
       -1.89356655e-02, -7.42209144e-03, 4.49421331e-02, 4.25920561e-02,
       -4.11671698e-02, 4.45784368e-02, -4.68200818e-02, 7.64897615e-02,
       5.33068217e-02, -5.29450737e-02, -3.12888697e-02, 7.85204619e-02,
       -1.02525819e-02, -1.79453716e-02, -4.90721175e-03,
       -5.13589606e-02, -1.14518225e-01, 6.44794330e-02, 1.89632252e-02,
       1.91143004e-03, 3.36748622e-02, 1.64342280e-02, -8.93168077e-02,
       -8.06880891e-02, 1.93006024e-02, -4.58648317e-02, 1.20716684e-01,
       2.70684138e-02, -2.71859728e-02, -1.46026211e-02, -2.54292749e-02,
       -9.21691731e-02, -8.37695040e-03, -3.92699689e-02,
       -1.74929611e-02, 4.18184511e-02, -6.01236634e-02, -3.64437699e-03,
       -3.65528837e-03, 1.39607778e-02, -3.82563216e-03, -6.23290315e-02,
       -3.08873057e-02, -4.05508317e-02, -8.89022797e-02,
       -9.95061174e-02, 7.88608268e-02, 3.57904509e-02, -1.80509966e-02,
       4.55506705e-02, 2.57731974e-03, -3.17168906e-02, 4.50106524e-02,
       -3.89546379e-02, -4.23092619e-02, -5.78178242e-02,
       -2.24037580e-02, -2.58858874e-02, 9.35800653e-03, 7.01457635e-02,
       2.00966801e-02, 5.34718521e-02, 8.91536567e-03, 3.33405472e-02,
       -1.05532231e-02, -2.52932012e-02, -9.55732688e-02, 2.84783486e-02,
       3.73256654e-02, -4.73009162e-02, -6.57852292e-02, 1.73192937e-04,
       5.64738624e-02, -5.38878748e-03, -3.90704023e-03, 8.22062269e-02,
       3.52998869e-03, 1.29966596e-02, 9.44763981e-03, -8.74831006e-02,
       -3.74545455e-02, -2.64725573e-02, -2.04928014e-02,
       -5.02920374e-02, -4.55107093e-02, -2.52741557e-02, 1.11137237e-02,
       2.69181523e-02, -1.57577246e-02, 1.42632369e-02, 2.51450296e-02,
       3.12202564e-03, 6.21903613e-02, 3.55853401e-02, -1.62961036e-02,
       3.44993435e-02, -3.49327475e-02, 2.66240742e-02, 7.25213736e-02,
       -3.83394095e-03, -3.84732559e-02, -1.87907200e-02,
       -1.26526272e-02, 5.88205643e-03, 5.60787693e-02, -2.91574504e-02,
       4.05712798e-02, 8.33550990e-02, 6.56790733e-02, -1.95884760e-02,
       2.32310202e-02, -1.33203920e-02, 2.53349394e-02, -2.32189000e-02,
       -4.33419365e-03, 4.38976735e-02, -1.35199577e-02, 4.88276370e-02,
       -9.97720566e-03, 2.38766475e-03, 6.23484999e-02, 5.38216643e-02,
       3.75228636e-02, 1.69775989e-02, -1.81632861e-02, -8.14786628e-02,
       -1.96164995e-02, -1.38794910e-02, -6.60385117e-02,
       -9.30378810e-02, 1.61984488e-02, 3.87370512e-02, -1.74234938e-02,
       -1.20359836e-02, 2.85425466e-02, 3.04940715e-03, -1.64787732e-02,
       -5.38933724e-02, 2.05849390e-02, -6.83980584e-02, -5.01706079e-02,
       -3.79246995e-02, 9.28641856e-02, -1.26325078e-02, 3.38402539e-02,
       -7.60807768e-02, 4.09466513e-02, -9.10601765e-02, 4.81157824e-02,
       9.55553073e-03, -6.13122433e-02, 1.54154878e-02, 8.44685885e-04,
       -3.60679887e-02, 1.66263413e-02, 6.09106757e-02, 7.83120655e-03,
       -1.07184546e-02, 8.02565273e-03, 3.50995921e-02, -9.75168683e-03,
       -2.26605237e-02, 9.09939259e-02, -5.99567853e-02, 4.39972058e-02,
       -6.26773164e-02, 1.24823846e-01, 4.93931435e-02, 3.20973918e-02,
       -2.78889854e-02, 2.40752008e-02, -2.97647715e-03, 1.25375362e-02,
       -2.14682110e-02, -5.72947897e-02, -4.74850759e-02, 3.24225575e-02,
       2.82400567e-02, -1.52525306e-02, -2.43719947e-02, 4.96632904e-02,
       3.16414498e-02, 2.11395919e-02, -3.59676331e-02, -2.35060621e-02,
       3.07631884e-02, -5.23512159e-03, -2.12403387e-02, -3.45142409e-02,
       -7.77297327e-03, 4.47549708e-02, -3.97632793e-02, -1.99253485e-02,
       -1.87846571e-02, -2.89213588e-03, 2.12266110e-02, -3.13528515e-02,
       5.57334796e-02, 1.56712048e-02, -1.47208935e-02, -2.49380227e-02,
       2.32275147e-02, -3.82533483e-02, 2.55868118e-02, -1.82357393e-02,
       -6.23471215e-02, -5.21926805e-02, -8.37588012e-02, 4.14527059e-02,
       2.84363776e-02, 8.05092603e-02, 2.13317480e-03, 2.26139016e-02,
       8.32799543e-03, 4.51817438e-02, -3.90871614e-02, 3.79367396e-02,
       -2.89024431e-02, 5.08385785e-02, -3.75219360e-02, 1.41883213e-02,
       1.93999649e-03, 5.65538555e-03, -1.42722894e-02, 6.77126497e-02,
       3.47059555e-02, -4.65729460e-02, -9.61964130e-02, -1.35589093e-02,
       -1.40323685e-02, -6.81545213e-02, 5.24870642e-02, -3.26405652e-02,
       -3.46298367e-02, 4.84046154e-02, 7.53114223e-02, 1.52162369e-02,
       4.72294241e-02, -6.75132079e-03, -2.95611005e-02, 2.03211233e-02,
       -1.14958333e-02, 6.43620268e-02, 4.23496701e-02, -2.23829783e-02,
       3.54911610e-02, -3.78368818e-03, 5.27674668e-02, 1.96018955e-03,
       -1.28004178e-02, 1.78480074e-02, 1.11280158e-02, 2.92637423e-02,
       -9.71602462e-03, -6.88327551e-02, -2.51801480e-02,
       -4.83880825e-02, 2.42114961e-02, -2.66618840e-02, 6.62494302e-02,
       9.61728208e-03, -4.36699353e-02, -5.19684367e-02, -1.06883943e-02,
       -2.10392824e-03, 4.40593213e-02, 4.92686704e-02, 6.07015342e-02,
       6.14627637e-02, -2.63409317e-02, -2.92582996e-02, 4.84220013e-02,
       -5.14942035e-02, -8.60636011e-02, 1.53731220e-04, -4.44625877e-03,
       2.05406118e-02, 8.67313892e-03, 7.03206137e-02, -3.77379265e-03,
       1.23846866e-02, -5.27289929e-03, -1.26518816e-01, 4.82109049e-03,
       -3.99201438e-02, -4.35667066e-03, 5.95963970e-02, -1.92685537e-02,
       -4.09672186e-02, 6.12534024e-02, 3.81103829e-02, 4.73273061e-02,
       3.90268750e-02, -2.82865763e-02, -4.07213829e-02, 1.28048286e-03,
       1.10626435e-02, 1.69887934e-02, 8.82009976e-03, 9.78765637e-02,
       5.44878207e-02, -6.20015562e-02, 4.60984893e-02, 5.75017072e-02,
       -3.99676785e-02, -3.67692974e-03, 1.31666102e-02, -1.13241784e-02,
       5.37405983e-02, 5.05991690e-02, -6.26349673e-02, 5.10081686e-02,
       3.82196456e-02, 6.79104477e-02, -7.51452819e-02, -2.88952850e-02,
       -8.48303176e-03, -5.09442501e-02, -2.25523748e-02,
       -1.32121490e-02, 1.31224450e-02, 6.33350760e-02, 2.89000422e-02,
       -8.03703144e-02, -6.03759997e-02, 1.27868680e-02, -4.94739451e-02,
