%YAML:1.0
---
matrix: !!opencv-matrix
   rows: 1
   cols: 512
   dt: f
   data: [ -1.66994464e-02, 2.79319752e-02, -5.18897921e-02,
       4.55044769e-02, 2.77826674e-02, -3.38389874e-02, -7.13688061e-02,
       -3.04972008e-02, 4.46424522e-02, -1.17865698e-02, 5.06507941e-02,
       2.82687508e-02, 7.73909986e-02, 9.10327304e-03, -2.47139242e-02,
       1.60436332e-02, -4.41296026e-02, 3.72158773e-02, 1.51360780e-02,
       -2.26843990e-02, -6.08992651e-02, -1.05836270e-02,
       -5.42982668e-02, 2.61127856e-02, 1.74869422e-03, -4.49848361e-02,
       -1.88923161e-02, 3.52773480e-02, -4.81605642e-02, -1.99733414e-02,
       3.18176858e-02, 8.40818044e-03, -2.62164846e-02, -3.03837396e-02,
       -3.55702825e-02, 1.13321701e-02, 3.05134486e-02, -5.55056147e-02,
       -5.67094237e-02, 5.29395323e-03, 2.51048710e-03, -1.63307171e-02,
       3.32738198e-02, -1.73106184e-03, -5.75612187e-02, 2.52587292e-02,
       2.93702027e-03, -4.53855954e-02, 9.36750621e-02, 4.91148084e-02,
       6.47079125e-02, -2.71677468e-02, -1.16480552e-02, -8.23273975e-03,
       1.71270687e-02, 3.64643186e-02, 1.31703867e-03, 1.40350191e-02,
       8.57749283e-02, -5.46485232e-03, 3.22790854e-02, -4.52233441e-02,
       -1.88741814e-02, 6.32145405e-02, 1.37372809e-02, -3.00025195e-02,
       -7.68690109e-02, -3.56523618e-02, -2.47895275e-03,
       -9.00828317e-02, -4.58632708e-02, -6.40606061e-02, 1.01532629e-02,
       -2.56815297e-03, 2.12338157e-02, -5.02843075e-02, 1.19075468e-02,
       3.38660516e-02, -4.40390967e-02, -3.09313443e-02, -1.31074503e-01,
       -6.62118942e-02, -3.20097245e-02, -3.07514351e-02,
       -1.15061412e-03, -8.39467160e-03, -7.57216010e-03,
       -1.47675760e-02, 8.70362744e-02, -6.47319714e-03, -3.01792994e-02,
       7.77789578e-02, 8.28037485e-02, 1.35591961e-02, -9.40264668e-03,
       -1.99998729e-02, -2.83654369e-02, 3.74934799e-03, 8.75816401e-03,
       -4.57647033e-02, 8.24937522e-02, 3.42648476e-02, 4.02839817e-02,
       2.47305967e-02, 8.57570618e-02, 1.87291931e-02, 5.61754853e-02,
       3.55766378e-02, 3.74769978e-02, -7.05084717e-03, -3.50737050e-02,
       -3.33876908e-02, -5.15401959e-02, 3.55119817e-02, -4.69508544e-02,
       -4.96687889e-02, -3.37203033e-02, 7.35209184e-03, 2.71640923e-02,
       -1.34424586e-02, -5.43074086e-02, 8.05613119e-03, 7.01480433e-02,
       -5.45913540e-02, -2.89888792e-02, 4.28702682e-02, -2.81045474e-02,
       -6.41602185e-03, 5.66526689e-02, 4.28915117e-03, 4.10732776e-02,
       5.26878983e-02, 1.08918436e-01, 7.56942527e-03, -3.17398016e-03,
       -9.89014003e-03, -4.84281145e-02, -3.63820866e-02, 3.34882690e-03,
       -1.41607514e-02, -1.41196683e-01, -2.06135456e-02, 1.85266435e-02,
       9.27491188e-02, 5.13445511e-02, -1.54444575e-03, -3.06260437e-02,
       4.24727537e-02, 6.45148158e-02, -3.34533006e-02, -2.84518972e-02,
       4.40150462e-02, 4.18634415e-02, -5.70437834e-02, 5.15822731e-02,
       3.30955684e-02, -1.29045732e-02, 5.08111669e-04, -6.36730790e-02,
       -5.16291820e-02, -2.75204424e-03, -1.67599041e-02, 3.28075439e-02,
       5.62019600e-03, -2.73775626e-02, 3.32040377e-02, -4.59961258e-02,
       -3.92724387e-02, 2.26832628e-02, 3.06776306e-03, -3.75301316e-02,
       4.09120433e-02, 1.53723545e-02, 6.60762787e-02, 5.82235109e-04,
       -5.96355312e-02, -6.86048567e-02, -5.48772747e-03, 5.32071143e-02,
       -5.27347624e-02, 2.63437517e-02, 3.79536562e-02, -5.20252213e-02,
       -5.27551398e-02, -1.96836125e-02, -3.99838462e-02, 8.45506042e-03,
       8.92670453e-02, 8.81792791e-03, -2.62371590e-03, -6.55788258e-02,
       -5.99926002e-02, 3.98454219e-02, -7.54909739e-02, 4.30396870e-02,
       4.91025224e-02, -8.72743875e-02, -5.03602102e-02, 4.42880951e-02,
       -3.94524857e-02, 9.45652202e-02, -3.18665504e-02, 3.23463045e-02,
       7.23565593e-02, -1.75958984e-02, -1.20928688e-02, -4.88690734e-02,
       4.30877320e-02, 2.17145681e-02, 6.63205385e-02, -4.03802320e-02,
       -8.19720794e-03, 6.37062341e-02, -3.97343300e-02, -2.53723226e-02,
       4.82903682e-02, 1.35117723e-02, 3.30272093e-02, 4.34025712e-02,
       -3.52717303e-02, 1.57480575e-02, 3.24774683e-02, 2.64436267e-02,
       -6.34504342e-03, -2.37849504e-02, 9.59384628e-03, 5.10271192e-02,
       -2.82717422e-02, -8.96843523e-02, 6.29036361e-03, 2.49342881e-02,
       -3.14115360e-02, -5.11148274e-02, 6.34167693e-04, -3.25703099e-02,
       7.24792713e-03, 3.02329715e-02, 2.85206996e-02, 3.44172791e-02,
       7.66583160e-02, -3.12033072e-02, -1.10207349e-01, 9.59661615e-04,
       -1.98452827e-02, 2.92360596e-02, -1.29070237e-01, -6.10074028e-03,
       -1.74968913e-02, 9.48305707e-03, -7.84191638e-02, 5.13993809e-03,
       1.17794694e-02, -6.20630421e-02, 5.71262911e-02, -1.03795126e-01,
       4.56188619e-02, -2.53584273e-02, -2.26354729e-02, -4.16355068e-03,
       6.86132684e-02, 8.91602486e-02, 8.20420012e-02, -9.64084119e-02,
       -5.88181615e-03, -1.88107956e-02, -5.61551936e-02,
       -6.75365096e-03, -2.27161422e-02, -5.06929234e-02,
       -9.81743820e-03, -3.11782956e-02, 5.78070134e-02, -3.21194716e-02,
       -2.94844620e-03, -1.73750184e-02, -4.45148274e-02,
       -4.23858128e-03, 1.55567667e-02, 3.20823900e-02, -6.56966940e-02,
       -5.71485199e-02, 4.81515341e-02, 5.01919761e-02, -1.46187088e-02,
       2.48153112e-03, -4.13966365e-02, -1.43340062e-02, -1.59609430e-02,
       -3.94543745e-02, -2.05504913e-02, 4.92247343e-02, 3.57561186e-03,
       -1.38926944e-02, 7.83973336e-02, -3.89758660e-03, -2.68482771e-02,
       3.08832470e-02, -5.19387703e-03, -7.35464320e-02, -1.18729454e-02,
       5.58872893e-02, -1.22483773e-02, -1.03286579e-02, 2.53424477e-02,
       5.81875164e-03, -8.19494575e-03, 1.11988862e-04, 1.14868283e-02,
       -1.15436353e-02, 3.92166786e-02, -1.02742046e-01, -7.25065405e-03,
       -3.35769542e-02, 9.86380782e-03, -7.03014284e-02, 9.99888312e-03,
       -8.93025380e-03, -8.57878104e-03, -1.10267892e-01,
       -7.79773807e-04, -2.13186182e-02, 1.16002932e-02, 4.80425693e-02,
       8.56120512e-02, -5.46690598e-02, -6.63942695e-02, 3.27168070e-02,
       -7.49075459e-03, 9.71309561e-03, -2.24017315e-02, -6.75553977e-02,
       -2.59905066e-02, -4.00874689e-02, -1.34054581e-02,
       -8.92995894e-02, -3.54888709e-03, -2.43770774e-03, 4.53513525e-02,
       1.39852110e-02, 1.06973387e-01, -2.49302853e-02, -7.30342269e-02,
       5.68228103e-02, -3.92125435e-02, -5.85955791e-02, 3.78583819e-02,
       -1.02191314e-01, -2.57369969e-03, 6.05537519e-02, -1.10390261e-02,
       -5.21404780e-02, 2.95543000e-02, -4.31814604e-02, 6.75952658e-02,
       1.48457559e-02, 2.71591805e-02, 1.55598363e-02, -3.89898918e-03,
       -6.47029653e-02, 2.12214198e-02, 1.98523514e-03, -3.40336338e-02,
       9.08930134e-03, -5.00904582e-02, -5.39430380e-02, -1.75999589e-02,
       8.84530134e-03, -6.13064580e-02, -4.63899896e-02, 3.72709744e-02,
       -2.41440767e-03, -2.14186385e-02, 1.67281944e-02, 3.18759866e-02,
       6.13789074e-02, 1.20603107e-02, -4.79078144e-02, -3.65194008e-02,
       1.58362351e-02, -1.39827430e-02, -9.16132517e-03, -2.68950500e-02,
       3.03470418e-02, -1.87472757e-02, 9.89741064e-04, -1.07510388e-02,
       2.17036884e-02, -3.32422666e-02, -1.76510736e-02, 1.02167893e-02,
       8.43255408e-03, 1.81538630e-02, 4.27418649e-02, 1.90277658e-02,
       3.69650386e-02, 7.20814243e-02, 7.18529597e-02, -6.83001205e-02,
       2.23824456e-02, -8.00689310e-02, 6.59421608e-02, -3.70896384e-02,
       -5.58819398e-02, -5.59764765e-02, -3.59012224e-02,
       -1.05544068e-02, -5.00482284e-02, 8.98722466e-03, -6.86124060e-03,
       -3.90443094e-02, 3.16464119e-02, 1.38345230e-02, 7.30082169e-02,
       4.15568501e-02, -4.88889515e-02, -3.26826423e-02, 5.60884364e-02,
       -1.52887488e-02, 1.21675655e-02, 4.73688869e-03, 3.07545811e-02,
       9.16165337e-02, -3.18971463e-02, 6.51990324e-02, -1.36964899e-02,
       3.10535692e-02, 6.80865080e-04, -2.57990370e-03, 4.55939062e-02,
