%YAML:1.0
---
matrix: !!opencv-matrix
   rows: 1
   cols: 512
   dt: f
   data: [ 1.26564531e-02, -3.34708244e-02, 5.31180622e-03,
       -5.71625829e-02, 5.00090830e-02, -8.56429636e-02, -3.71632986e-02,
       3.75025459e-02, -4.51470800e-02, 9.22604185e-03, -6.12135194e-02,
       -2.17944980e-02, 2.82905027e-02, 2.89343502e-02, -3.65180038e-02,
       -2.48667691e-02, 2.41868962e-02, 3.14371213e-02, 2.62133926e-02,
       6.40681162e-02, 4.79622968e-02, 5.50087094e-02, -7.21744634e-03,
       1.00299276e-01, 9.51904133e-02, -1.04507670e-01, -1.52849350e-02,
       2.18024501e-03, -1.73686799e-02, 4.26984094e-02, 5.29379137e-02,
       -2.11808812e-02, -6.82856068e-02, 6.56041056e-02, -7.95494616e-02,
       2.02352609e-02, 4.37871143e-02, -2.65202131e-02, 2.88339648e-02,
       4.73500928e-03, 2.66293976e-02, 2.59341318e-02, 1.70155559e-02,
       -3.91633585e-02, -7.94334570e-04, -6.39319345e-02, 2.20012218e-02,
       1.73276395e-03, 3.40783712e-03, 5.70468558e-03, 7.20491866e-03,
       1.02971122e-02, -1.17185935e-02, -1.25956228e-02, 3.25128287e-02,
       -3.91825698e-02, -3.74551490e-02, 3.60946879e-02, -2.53463425e-02,
       -1.29450718e-02, -2.89305169e-02, -1.88656263e-02,
       -3.71998549e-02, -3.00431307e-02, -4.48074304e-02,
       -8.56470689e-03, -1.15950350e-02, -1.44518055e-02,
       -1.46173825e-02, -1.99571829e-02, -1.64166139e-03,
       -1.50523148e-02, -4.66473550e-02, -2.57484689e-02,
       -3.58837321e-02, 2.16975007e-02, 9.16674919e-03, 1.61855074e-03,
       7.81898573e-02, -3.16882841e-02, -7.29382709e-02, 2.97494270e-02,
       1.06301736e-02, -2.04819422e-02, -6.13077171e-02, -5.91954142e-02,
       -6.21054880e-02, 7.10214525e-02, -3.14911455e-02, -4.94891144e-02,
       4.11219113e-02, 1.57871861e-02, 4.14000973e-02, -3.34786363e-02,
       8.52841064e-02, -3.95257249e-02, -2.87405658e-03, -7.72687495e-02,
       -4.04627658e-02, 1.38539337e-02, 4.08016518e-02, 4.72421534e-02,
       -7.61060640e-02, 9.01547596e-02, -1.80797037e-02, 2.39450838e-02,
       -3.39190699e-02, 2.59147584e-02, 5.59347942e-02, -4.69085090e-02,
       8.36747363e-02, 2.13489737e-02, -1.16410375e-01, -6.39548572e-03,
       -1.27696339e-02, -5.13242707e-02, -1.93231981e-02, 6.10080212e-02,
       -1.44850342e-02, 5.60579002e-02, 3.78106162e-02, 1.30121596e-02,
       -8.75957385e-02, -5.97662898e-03, -5.36012538e-02, 7.00527243e-03,
       3.37686501e-02, 4.69705984e-02, -8.85008927e-03, -4.73610917e-03,
       -6.01373240e-02, 6.72829077e-02, -6.30099475e-02, 1.56634822e-02,
       1.47533948e-02, -3.83687392e-02, -1.34165376e-01, 2.79828683e-02,
       1.04024494e-03, -4.13661968e-04, -2.75160763e-02, -1.20246187e-02,
       -4.62364480e-02, -1.48386341e-02, -2.89487112e-02,
       -1.00296304e-01, 3.95154096e-02, 4.89279851e-02, -3.82612646e-03,
       -7.33402297e-02, -3.96258794e-02, 9.47389603e-02, -2.34994781e-03,
       3.07212416e-02, -3.85427363e-02, 6.77166358e-02, -7.81908557e-02,
       4.42816317e-02, -6.73836842e-02, 2.85466593e-02, 1.29664028e-02,
       -1.76534876e-02, -1.27462512e-02, 1.86545346e-02, 5.26383892e-02,
       6.02265038e-02, -2.63965502e-02, 2.34130658e-02, -5.01088388e-02,
       -1.22876950e-02, 1.34414006e-02, -4.97566089e-02, 5.16447164e-02,
       -6.10881411e-02, 1.67832188e-02, -2.50905380e-02, 1.56620163e-02,
       2.50908472e-02, 6.34255335e-02, -6.98594376e-02, 6.90138936e-02,
       4.00978103e-02, 1.38176628e-03, -6.17693588e-02, 3.75439040e-02,
       -7.12105781e-02, -2.80432589e-02, 2.44370867e-02, -7.87002873e-03,
       -2.34658774e-02, -6.66216388e-02, 3.61314192e-02, -3.49903144e-02,
       -2.42333375e-02, 1.04693376e-01, 3.25573795e-02, 1.92543752e-02,
       -3.38676237e-02, -1.29406177e-03, 6.71942309e-02, -3.05739846e-02,
       -8.45405180e-03, 6.59285039e-02, -1.32729962e-01, -5.75579293e-02,
       -2.08745264e-02, -4.91032414e-02, 6.90416470e-02, -4.09336761e-02,
       4.84758243e-02, 3.22727137e-03, -7.15907142e-02, 2.08584927e-02,
       -2.38476191e-02, 3.45609523e-03, 4.67388108e-02, 4.01458256e-02,
       2.45099086e-02, -3.42092523e-03, -5.38591444e-02, 4.78145778e-02,
       -8.42690468e-02, -5.46592548e-02, 2.95356056e-03, -6.30104095e-02,
       3.16739976e-02, -1.51885841e-02, -1.57865193e-02, 5.35720959e-02,
       -1.40999705e-02, -4.83713038e-02, 5.15299588e-02, 1.64216943e-02,
       2.51769833e-02, 4.01991345e-02, 1.39566073e-02, -1.20984083e-02,
       1.91600192e-02, -2.36865729e-02, 5.89929856e-02, -1.62444506e-02,
       -2.76784543e-02, 9.76409297e-03, -2.48623174e-02, 4.67624404e-02,
       -2.45146248e-02, 2.09053904e-02, -7.39613399e-02, 2.16243099e-02,
       2.56270766e-02, 3.85250757e-03, 1.14469752e-01, 2.97608525e-02,
       -6.80646151e-02, -7.09878206e-02, -6.08259207e-03,
       -6.81305975e-02, -6.23098202e-03, -7.61326924e-02, 6.38512149e-02,
       6.41631559e-02, 6.05208203e-02, 1.06550902e-02, 2.00922564e-02,
       2.36701174e-03, -1.29164113e-02, -1.41055938e-02, -1.35439020e-02,
       1.68629258e-03, -3.77509706e-02, -3.49778607e-02, 4.96150516e-02,
       6.96865544e-02, -8.55647251e-02, -3.75666656e-02, -7.86641613e-02,
       5.65289371e-02, -3.41192335e-02, -1.40209273e-02, -1.79032404e-02,
       5.93373105e-02, 2.73354799e-02, -6.62966073e-02, 5.74338883e-02,
       -4.32256982e-02, -4.09065671e-02, -2.63226498e-03,
       -6.29708320e-02, 1.52117144e-02, -8.15594569e-03, 5.38096204e-02,
       5.09772971e-02, 8.09679925e-03, 1.77655127e-02, -1.04519427e-02,
       -2.15269011e-02, -2.67578550e-02, 8.83646682e-03, 5.58106191e-02,
       -2.60370634e-02, -1.27973901e-02, 1.14509230e-03, 2.25754417e-02,
       -4.51110862e-03, 6.70666546e-02, 2.72846166e-02, -6.55312371e-03,
       -2.62705330e-02, -1.04393912e-02, -7.98982102e-03, 3.39790955e-02,
       3.24966423e-02, 3.81631255e-02, 1.78784244e-02, -4.05680723e-02,
       -4.41293372e-03, -4.92145531e-02, -2.30667423e-02,
       -3.12663242e-02, 9.94558726e-03, 4.64583747e-03, 1.48793701e-02,
       -4.97068791e-03, -8.16087350e-02, -3.75419892e-02,
       -3.30056585e-02, -4.46171686e-02, -1.60254445e-03, 6.01465926e-02,
       7.03251688e-03, 5.21745253e-03, 1.62864197e-02, -3.19875143e-02,
       1.34756677e-02, -1.45296287e-03, 3.46429981e-02, -1.42524103e-02,
       5.30936085e-02, 6.17676266e-02, 2.23558340e-02, -3.31003149e-03,
       -1.65208168e-02, 7.23983124e-02, 1.01246379e-01, 7.39883445e-03,
       1.03527308e-02, -1.21386033e-02, 2.72908378e-02, -4.93954048e-02,
       -2.49360073e-02, -6.85368627e-02, -1.17481304e-02,
       -1.74309257e-02, -9.85580124e-03, -9.75859687e-02, 3.94756235e-02,
       -1.70330591e-02, 4.82819565e-02, -4.28478979e-02, 2.69918162e-02,
       -3.65667343e-02, -3.27455960e-02, 1.81816518e-02, -1.82464831e-02,
       4.21613753e-02, -2.77659926e-03, -2.29337215e-02, -7.54872058e-03,
       4.49451506e-02, 6.55896962e-02, -2.82158162e-02, -1.16368551e-02,
       3.74913104e-02, -1.59979314e-02, -4.96460311e-03, -1.36472834e-02,
       -1.47674885e-02, 1.36033949e-02, -9.10283476e-02, -7.31979832e-02,
       -1.49266385e-02, -2.64623649e-02, 5.30773029e-02, 2.51596086e-02,
       4.19172645e-02, 5.61731309e-02, 1.29549121e-02, -4.62929578e-03,
       3.75906043e-02, -1.63343397e-03, 2.82355212e-02, 8.14986229e-02,
       6.93880618e-02, -5.07002622e-02, 9.24041774e-03, 7.27616996e-02,
       7.71633759e-02, 4.38537113e-02, -4.02274877e-02, 2.15554163e-02,
       -1.72075257e-02, 2.55950317e-02, -3.17126364e-02, -1.21040680e-01,
       1.56220514e-02, -3.06598302e-02, 1.01699596e-02, 6.72839209e-03,
       -3.79235446e-02, 8.33069012e-02, -2.87109334e-03, 5.93468323e-02,
       8.48164335e-02, -8.98878835e-03, 8.21197033e-02, 4.74109612e-02,
       -1.87841896e-02, -3.23797837e-02, -1.32861035e-03,
       -2.16164300e-03, -8.40770900e-02, -1.57869142e-02, 3.26642953e-02,
       -2.78294254e-02, -1.57886818e-02, -2.00648215e-02,
       -4.58269566e-02, -6.80984780e-02, 3.54340822e-02, -6.87063858e-02,
