%YAML:1.0
---
matrix: !!opencv-matrix
   rows: 1
   cols: 512
   dt: f
   data: [ -3.86402532e-02, -6.29089326e-02, 4.60962728e-02,
       6.83268979e-02, 1.48188637e-03, -1.21802147e-02, 3.68336402e-02,
       9.36813746e-03, -5.39882071e-02, 4.62829135e-02, -6.45738617e-02,
       -4.10983115e-02, 3.61952782e-02, 2.14391015e-03, -4.12440747e-02,
       2.51741409e-02, 1.93729326e-02, -3.23872156e-02, 1.48864221e-02,
       8.74530408e-04, 6.43814653e-02, -7.26724463e-03, 7.66526582e-03,
       3.49043272e-02, 7.74369249e-03, -7.20847249e-02, 4.22915351e-03,
       5.17021455e-02, 9.53697041e-02, -1.77944601e-02, 1.86265085e-03,
       5.07286750e-02, 4.24603932e-02, -3.02717965e-02, 5.82719222e-02,
       4.44967970e-02, -6.78239530e-03, 6.06767274e-02, 2.62266919e-02,
       2.28136498e-02, 3.90193686e-02, 1.28325541e-02, -3.60664241e-02,
       -9.51932818e-02, -1.14498157e-02, 1.39201535e-02, -6.92251995e-02,
       9.99203511e-03, 4.81362827e-02, 6.84527634e-03, -1.35177979e-03,
       -2.17016395e-02, 3.15505154e-02, -3.80779542e-02, 1.88746359e-02,
       -4.18410301e-02, 8.85377973e-02, 2.16339007e-02, 5.82068004e-02,
       -2.66965777e-02, 5.29684015e-02, 6.22217823e-03, 2.99185216e-02,
       1.57230943e-02, 5.45725375e-02, 9.50539112e-03, -7.57833272e-02,
       -1.40182441e-02, -4.42629158e-02, 2.14680694e-02, -3.11258063e-02,
       5.83100952e-02, -5.13621978e-03, 2.94651394e-03, 5.54862320e-02,
       5.72556723e-03, -4.92437603e-03, -4.24652845e-02, 1.47949019e-02,
       9.90119111e-03, 6.94034807e-03, -1.01994695e-02, -3.00061684e-02,
       3.97274941e-02, -1.22208618e-01, -7.03169256e-02, 9.94465500e-03,
       6.03512302e-02, 4.19175737e-02, 2.56001335e-02, -1.12376688e-02,
       3.35968658e-02, -3.07471305e-02, -6.64552450e-02, -3.75121050e-02,
       -4.27229851e-02, 3.44824512e-03, -2.88341125e-03, 2.61153420e-03,
       -5.11675589e-02, -8.09075162e-02, 1.18914977e-01, 4.52394318e-03,
       4.49208133e-02, -3.86935510e-02, -3.38367335e-02, 5.15919831e-03,
       -1.31797045e-02, -1.10758143e-02, -6.56425431e-02, 2.57889032e-02,
       -6.35557175e-02, -2.90109850e-02, 3.18233632e-02, 1.75645947e-02,
       -2.76773516e-02, -2.26780921e-02, -9.13275592e-03,
       -4.73001748e-02, 1.21611683e-02, 7.51724746e-03, -4.78460118e-02,
       -3.09751388e-02, 3.06090713e-02, -1.44784311e-02, 4.45548892e-02,
       2.69695558e-02, 5.97628346e-03, -6.28526285e-02, 4.81858058e-03,
       -9.83551517e-03, -3.30413803e-02, 9.17176530e-02, -2.48449985e-02,
       2.10576914e-02, -8.97192135e-02, 2.97995135e-02, 6.98866323e-03,
       -8.04360136e-02, 5.47245517e-02, -1.65289063e-02, 8.05968232e-03,
       8.73669237e-02, 4.06353809e-02, 5.06036319e-02, -4.61842567e-02,
       -2.88982727e-02, 6.78376034e-02, -7.62079060e-02, -4.71526422e-02,
       4.38848399e-02, 3.80985998e-02, 6.10193536e-02, -2.57127248e-02,
       7.53559172e-03, -2.47690175e-02, 6.13470562e-02, 9.98695567e-03,
       -2.93941908e-02, 4.70779762e-02, 1.47801163e-02, -3.84161435e-02,
       4.60801125e-02, -3.56943230e-03, -3.45018804e-02, -7.84907937e-02,
       -7.91289806e-02, -3.08780670e-02, -5.89214936e-02,
       -8.62649083e-03, -2.21988261e-02, -1.97970364e-02,
       -4.20191176e-02, 1.30522260e-02, 4.52172272e-02, -3.54175232e-02,
       5.97873563e-03, 2.07380503e-02, 3.23168039e-02, 6.95075514e-03,
       1.31858550e-02, -2.68421061e-02, 1.11111542e-02, -7.73710012e-02,
       -4.42137681e-02, -9.51865241e-02, 6.75950274e-02, 2.21973248e-02,
       -3.39744799e-02, 6.76101893e-02, 2.11899485e-02, -4.62722965e-02,
       4.71386202e-02, -5.81810847e-02, 1.51269687e-02, -4.99421433e-02,
       7.24800378e-02, 1.52632575e-02, -1.87516864e-02, -2.90102251e-02,
       4.04061899e-02, -2.09987890e-02, 1.83110163e-02, 1.24896653e-02,
       6.22496046e-02, -1.02688023e-03, 3.59698944e-02, 6.54271320e-02,
       -7.52888061e-03, 1.11788400e-02, 1.27645656e-02, -5.33301122e-02,
       1.84421462e-03, 3.51267233e-02, 5.12075722e-02, -3.08542256e-03,
       4.05564234e-02, -1.24042183e-01, 3.94416079e-02, -8.16489011e-02,
       2.96708709e-03, 1.11107985e-02, -2.52577066e-02, -6.77991509e-02,
       -5.15666557e-04, 1.88218709e-02, -3.73944677e-02, 8.36544782e-02,
       -2.87899971e-02, -2.01674886e-02, 6.44949600e-02, 1.03298323e-02,
       1.91386286e-02, -6.30740076e-03, 1.12113552e-02, 2.55604200e-02,
       2.86174269e-04, -1.08135911e-02, 5.50045818e-02, -4.39414158e-02,
       2.66419537e-02, -1.22369461e-01, -2.45164311e-03, -4.16494766e-03,
       8.13227221e-02, -1.36940718e-01, 2.52665784e-02, 3.38232070e-02,
       -5.43648079e-02, -1.07410317e-02, -4.19742391e-02, 1.16562715e-03,
       5.55166677e-02, -3.88264507e-02, -1.21007646e-02, 4.02674675e-02,
       3.41272205e-02, -5.69135919e-02, -3.10170073e-02, 1.47995781e-02,
       2.96660792e-02, 8.98635760e-02, -3.96322459e-02, -1.12025831e-02,
       6.63017705e-02, 3.31295207e-02, -4.13398631e-02, 5.26691936e-02,
       1.73414163e-02, 1.34819567e-01, 3.14128436e-02, -8.18905085e-02,
       -4.78426479e-02, -2.06499659e-02, 2.82471590e-02, 2.08928660e-02,
       -7.19952434e-02, 1.67562738e-02, 3.20512168e-02, -2.19015013e-02,
       -2.33292896e-02, 6.53726906e-02, 2.90045142e-03, -2.62333062e-02,
       2.61424854e-02, -1.70577914e-02, -3.21123302e-02, 4.32340913e-02,
       -3.25843953e-02, -2.86813341e-02, -5.11735268e-02,
       -6.91470830e-03, 3.95731702e-02, -1.56225786e-02, 8.86144489e-03,
       4.98280488e-02, -3.61125357e-02, -4.50342242e-03, 3.37540135e-02,
       9.37469751e-02, 1.16511155e-02, -1.72090773e-02, -3.56490016e-02,
       -6.28708350e-03, -5.71189635e-02, 5.91163756e-03, 3.63775045e-02,
       -4.12360765e-02, -5.96051291e-03, 7.30741993e-02, -8.42027925e-03,
       1.51070033e-03, 1.86307775e-03, -4.15988266e-02, -2.51305085e-02,
       -3.56824175e-02, -7.34725073e-02, -4.88904826e-02, 1.21391909e-02,
       4.85572517e-02, 6.43701106e-02, 8.09643461e-05, -6.72073662e-03,
       -5.95550537e-02, -5.32094436e-03, -8.06186628e-03, 5.78483380e-02,
       -8.08848441e-02, -3.82233411e-02, 1.65887214e-02, 4.18631434e-02,
       -2.35366728e-02, -2.78284866e-02, -9.91365034e-03, 1.50531586e-02,
       5.70857860e-02, -1.79123729e-02, 5.12741953e-02, -3.89583036e-02,
       7.54444674e-02, -4.43034060e-02, -1.62414052e-02, 3.60116959e-02,
       6.87014917e-03, -3.17403600e-02, -2.03944761e-02, -5.31687513e-02,
       -3.91167514e-02, 1.01562999e-02, -3.44882570e-02, 1.87095944e-02,
       4.04683426e-02, -5.51658403e-03, -4.91835177e-02, -2.24931370e-02,
       -4.27950583e-02, -5.61057627e-02, -4.44160774e-02, 9.12813284e-03,
       -4.15134653e-02, -7.54577145e-02, -2.67898794e-02,
       -5.51076001e-03, 9.53124650e-03, -6.89751729e-02, -7.98937341e-04,
       -4.76996526e-02, -1.03686154e-01, -6.28160313e-02, 5.99289760e-02,
       -7.76608475e-03, -8.25290233e-02, 5.06064445e-02, 1.06711844e-02,
       3.63557488e-02, 1.47819584e-02, 3.04310257e-03, -5.99121302e-02,
       1.76565778e-02, 8.80443528e-02, -4.57562618e-02, -2.62957476e-02,
       2.39775721e-02, 1.52916256e-02, -7.69367367e-02, -6.02867454e-03,
       3.25231105e-02, 9.08657815e-03, 5.12418300e-02, 3.04746460e-02,
       -1.26127109e-01, 8.65799934e-03, 1.18243873e-01, 1.38294036e-02,
       -3.41145997e-03, -2.89800465e-02, -2.70211305e-02, 9.31535065e-02,
       1.53073147e-02, -3.90034653e-02, 2.33832728e-02, -7.43348449e-02,
       1.21046491e-02, -6.03630356e-02, 3.94750014e-02, 2.17591114e-02,
       3.79073024e-02, 9.17706192e-02, 1.65472291e-02, -4.40797806e-02,
       -2.45764982e-02, -1.70096811e-02, -1.90329123e-02,
       -5.11480845e-04, 2.31324625e-03, -2.46805325e-03, 3.38928327e-02,
       5.95238293e-03, -8.64036940e-03, -1.31286811e-02, 1.72504298e-02,
       -1.09920353e-02, 4.40604053e-02, -3.61736789e-02, -1.68196857e-02,
       2.83674011e-03, -4.74134460e-02, -6.50980473e-02, -1.22254854e-02,
       -3.32141593e-02, 1.68206654e-02, -1.61024984e-02, -5.68421818e-02,
