%YAML:1.0
---
matrix: !!opencv-matrix
   rows: 1
   cols: 512
   dt: f
   data: [ -1.28222518e-02, 4.94487733e-02, -1.26448069e-02,
       -2.88879275e-02, -1.65493581e-02, -5.56013808e-02, 2.74870377e-02,
       -6.13147840e-02, -7.51304403e-02, -1.21269142e-02,
       -5.56960851e-02, -1.74834784e-02, -1.12960290e-03, 2.35130321e-02,
       -2.71921866e-02, 3.51425707e-02, 4.60510738e-02, 7.51633123e-02,
       3.35137211e-02, 7.06853420e-02, -4.83902590e-03, 2.13485528e-02,
       3.93329002e-02, -2.99883354e-02, -3.79732996e-02, 3.74101847e-02,
       -3.88152190e-02, 7.08945969e-04, -2.76322477e-02, 4.67216410e-02,
       2.91956421e-02, 4.78444509e-02, -1.52556673e-02, -5.72292618e-02,
       -3.20289470e-02, 2.02631708e-02, -2.21266672e-02, -2.81086769e-02,
       1.10542960e-02, 2.54956800e-02, 1.66773256e-02, 8.33273865e-03,
       3.68625671e-02, -4.99836877e-02, 3.74157801e-02, 3.92675437e-02,
       -1.11723470e-03, -1.72521267e-02, 1.11925695e-02, 2.96757333e-02,
       -1.26252007e-02, -1.35501828e-02, 4.48832177e-02, 7.98247233e-02,
       -9.62863639e-02, 1.77909844e-02, -6.20987751e-02, 2.19204705e-02,
       -6.04900569e-02, 4.49803658e-02, 3.98155712e-02, -1.61137804e-02,
       -1.10252559e-01, 8.41661617e-02, 3.48189683e-03, -7.53177181e-02,
       -2.32020784e-02, 2.62902472e-02, -3.84856127e-02, -3.43825817e-02,
       -5.52922450e-02, -8.22063014e-02, 2.13529915e-02, 7.29220659e-02,
       -5.61793521e-03, -1.33756306e-02, -2.30400898e-02,
       -4.32943031e-02, 8.43776464e-02, -3.45894601e-03, -6.62002265e-02,
       -2.53703073e-02, 4.68160175e-02, -6.59043491e-02, -3.39911208e-02,
       3.53400456e-03, 3.42472456e-02, -3.10449153e-02, -4.91374955e-02,
       -3.17453928e-02, -2.75792368e-02, -3.48545387e-02,
       -2.44593490e-02, 2.32229978e-02, 1.04833459e-02, 7.38567337e-02,
       -4.98761944e-02, -2.51023229e-02, -1.98533846e-04, 4.62981947e-02,
       8.43629614e-02, -9.98784378e-02, -9.52132940e-02, -2.44819932e-02,
       5.69496043e-02, 4.85724621e-02, -3.83958966e-02, 6.31570518e-02,
       -6.71093632e-03, -2.15525348e-02, 6.28833398e-02, -3.09098084e-02,
       4.34364453e-02, -3.20757143e-02, 7.17377365e-02, 4.00051177e-02,
       1.95776648e-03, -4.51469645e-02, 1.39655508e-02, 3.61751728e-02,
       2.15971414e-02, -5.46883866e-02, 2.89882664e-02, 4.87462096e-02,
       3.25799584e-02, -1.47991171e-02, 8.47919956e-02, -3.73042226e-02,
       4.83542681e-03, 4.80186380e-02, 1.44180050e-03, -6.30790591e-02,
       -7.91526809e-02, 6.09380251e-04, 4.68251929e-02, -3.83069590e-02,
       4.73458465e-04, 2.28333077e-03, -2.53785998e-02, -4.38090041e-02,
       -5.04123233e-02, 4.37357798e-02, 3.07599045e-02, 1.70697886e-02,
       9.11811274e-03, 6.91511706e-02, 1.59993730e-02, 1.10905901e-01,
       -1.18786022e-02, -2.04629786e-02, -9.38750338e-03, 6.99810535e-02,
       -1.01257758e-02, -5.03922738e-02, -3.53663638e-02,
       -2.13033762e-02, -3.83098982e-02, 5.58476383e-03, 1.94795784e-02,
       4.29917453e-03, -6.39880225e-02, 1.85267534e-02, 5.84596358e-02,
       -2.58830166e-03, -4.38344404e-02, 1.48582528e-03, -2.98787858e-02,
       -1.55225657e-02, -3.28051229e-03, 1.98201258e-02, 1.49409669e-02,
       -4.76837866e-02, 7.71838054e-02, 1.86399464e-02, 1.02525249e-01,
       -3.89084406e-02, 4.20581512e-02, -2.51826234e-02, 1.57219507e-02,
       -4.76768166e-02, 3.62603664e-02, -2.40137763e-02, -4.95298728e-02,
       -1.75283998e-02, 1.54636158e-02, 2.49282513e-02, -2.71634459e-02,
       4.95949350e-02, 8.63068388e-04, 7.22242072e-02, -4.68897680e-03,
       -8.05957019e-02, 5.14650019e-03, -3.15369777e-02, -3.59708592e-02,
       -3.87989096e-02, 1.14123086e-02, 4.33416367e-02, -2.50922795e-02,
       -7.80126899e-02, 1.28223836e-01, -2.42523383e-03, -6.17794618e-02,
       -2.09481940e-02, 4.00766470e-02, 8.62666741e-02, -4.37746681e-02,
       -2.14758832e-02, -2.85909604e-02, 2.64517460e-02, 3.45306322e-02,
       -1.33320978e-02, -2.71140202e-03, 5.10080978e-02, -1.86849060e-03,
       7.05085695e-02, 9.80455196e-04, -2.24910937e-02, -5.07773608e-02,
       -5.06442040e-02, -4.51095309e-03, -2.30807588e-02,
       -3.55253592e-02, 1.27133932e-02, 3.02694552e-02, 4.64445576e-02,
       -6.36244416e-02, -1.02542085e-03, -2.47425865e-02, 4.32427935e-02,
       2.67201755e-02, -2.02139150e-02, 3.98007110e-02, -6.40657125e-03,
       7.60342702e-02, 3.96184400e-02, 3.63267818e-03, -1.31000988e-02,
       3.49179702e-03, 3.37318555e-02, -2.84907296e-02, 2.55878083e-03,
       -3.78174298e-02, 1.01521695e-02, -6.73703477e-02, 5.63295521e-02,
       5.41787855e-02, -1.98650435e-02, -2.74851564e-02, -7.35294297e-02,
       -5.02273664e-02, 3.08857113e-02, 2.06743162e-02, -6.89514801e-02,
       1.04212249e-02, 4.22395766e-02, -4.88400050e-02, -8.17449391e-02,
       7.66537013e-03, 3.26635763e-02, 1.83966625e-02, 1.61373727e-02,
       -4.06577215e-02, 1.59027707e-02, -2.73225550e-02, 7.17293620e-02,
       3.02555710e-02, -3.44507247e-02, 1.91218359e-03, -4.47310805e-02,
       -3.96621451e-02, 8.36735293e-02, 5.47613055e-02, -4.15890925e-02,
       5.38014024e-02, -2.54648831e-02, -9.93902311e-02, -5.44370115e-02,
       1.87788275e-04, 1.01839034e-02, -9.56357457e-03, -1.81166979e-03,
       -2.84305904e-02, -1.14992885e-02, -3.06720957e-02,
       -3.46158035e-02, -9.16314591e-03, 2.32227482e-02, 4.81162742e-02,
       1.00687750e-01, -2.78021675e-02, -1.48693584e-02, 4.69991602e-02,
       -5.44067530e-04, -2.84623746e-02, 6.37604967e-02, -5.80173656e-02,
       -5.03414311e-02, -6.63082628e-03, -5.64678684e-02,
       -6.04844429e-02, 8.07276666e-02, 5.11160232e-02, 1.95680838e-02,
       5.62867597e-02, 6.03839420e-02, -3.81404441e-03, 4.90000471e-02,
       1.28496615e-02, 4.99402881e-02, -9.49360430e-02, -5.74112609e-02,
       -2.91632488e-02, 6.16034865e-02, 9.10919756e-02, 4.70664091e-02,
       2.30895393e-02, 7.36257154e-03, 2.28887610e-03, 2.66192984e-02,
       4.31629904e-02, 1.01892175e-02, 3.90402824e-02, -6.60128891e-02,
       5.18691018e-02, -3.24368551e-02, 2.39655729e-02, -2.05886979e-02,
       5.52705815e-03, -3.40719484e-02, -1.72452889e-02, 3.95969953e-03,
       6.62950277e-02, 1.92552283e-02, 1.01311358e-04, 9.94774252e-02,
       -4.69697043e-02, -5.85071184e-02, 1.50774838e-02, 1.31913992e-02,
       3.17759737e-02, 7.57547189e-03, -6.83009345e-03, -3.93355116e-02,
       2.22000014e-02, 9.68511030e-02, 6.78269789e-02, -5.06366566e-02,
       -1.77508057e-03, -6.87712505e-02, -2.00209469e-02,
       -4.43138257e-02, 6.04923740e-02, 2.52690706e-02, 9.59471706e-03,
       -3.40331234e-02, -4.76234108e-02, -9.22223728e-04,
       -1.05500467e-01, 4.35159309e-03, 1.66732613e-02, -2.19372455e-02,
       -4.63171564e-02, -3.15618552e-02, -2.66117137e-02,
       -6.93177581e-02, -6.40163645e-02, 1.52209597e-02, -1.66113172e-02,
       -1.46091655e-02, -4.43818010e-02, -2.96566659e-03,
       -2.37175971e-02, -2.27679592e-02, 2.00182144e-02, 3.83409858e-02,
       -1.02214031e-02, -1.48830796e-03, -7.87638649e-02, 8.55095610e-02,
       -2.73846965e-02, -4.76205833e-02, -2.98051350e-02, 5.23230433e-02,
       -3.81241851e-02, -2.24792920e-02, -1.28774373e-02, 5.44359200e-02,
       -1.88853629e-02, 2.00307346e-03, -9.38487053e-02, 2.27285959e-02,
       1.19804805e-02, -7.81702399e-02, 3.29875425e-02, -7.82650616e-03,
       -2.68579163e-02, -7.42227631e-03, 3.42306457e-02, 3.97619558e-03,
       -4.99738529e-02, -5.56394346e-02, -2.08456758e-02,
       -1.64717659e-02, 3.49745378e-02, 8.65300279e-03, 6.29791841e-02,
       4.39721756e-02, -1.36221014e-03, 7.85664320e-02, 2.33767852e-02,
       -4.39241938e-02, -2.39631850e-02, -5.22453748e-02,
       -1.11377249e-02, -4.23934273e-02, 1.03219915e-02, -2.98518520e-02,
       6.87994137e-02, -5.90835996e-02, -3.45204584e-02, -9.44555365e-03,
       -1.93762593e-02, 3.54357879e-03, 3.29524428e-02, -6.15704730e-02,
       -7.58062489e-03, -5.36347069e-02, 2.78075561e-02, 2.40961052e-02,
