%YAML:1.0
---
matrix: !!opencv-matrix
   rows: 1
   cols: 512
   dt: f
   data: [ -5.21867052e-02, -1.46838665e-01, -1.19620793e-01,
       -3.03582642e-02, -3.29865627e-02, -2.78261378e-02,
       -1.54051799e-02, -4.47580032e-03, -1.65906623e-02,
       -2.28059124e-02, -4.60221171e-02, -3.88841331e-02,
       -5.61985783e-02, 2.78987251e-02, 1.69283822e-02, 1.46623543e-02,
       -4.18048501e-02, 2.77879220e-02, 1.18896980e-02, 3.26992981e-02,
       6.87024817e-02, -2.34883092e-02, -1.73420999e-02, 6.19724393e-02,
       -2.91551929e-02, 2.55334564e-02, -2.70458218e-02, 1.48785328e-02,
       -2.45917845e-03, 4.75762524e-02, 7.60163143e-02, 4.31437008e-02,
       -3.30775380e-02, -6.14948617e-03, -2.26816745e-03, 3.24311033e-02,
       -2.12666839e-02, 3.44494991e-02, -1.83418132e-02, 4.03856784e-02,
       -4.73016594e-03, -3.45303006e-02, -4.93455827e-02,
       -2.12936401e-02, 2.68856380e-02, -5.57422079e-02, -1.40255541e-02,
       6.33630753e-02, 6.98491260e-02, 7.78539777e-02, 8.17576125e-02,
       -1.16652343e-02, 7.90294167e-03, 6.40634596e-02, 4.34533134e-03,
       -3.39532620e-03, 2.19375547e-02, 9.83891357e-03, -1.98885687e-02,
       -2.74518225e-02, -3.83924618e-02, 3.29905152e-02, 4.09909338e-02,
       -6.67960867e-02, 2.38376595e-02, 1.39833279e-02, 1.47733958e-02,
       5.11562973e-02, -2.76456494e-03, 9.81272850e-03, 4.24360260e-02,
       3.58657725e-02, -2.92940512e-02, 7.86071941e-02, 1.24131761e-01,
       2.78714038e-02, -4.52979393e-02, 9.33842212e-02, 6.70778658e-03,
       6.53056577e-02, -4.53651063e-02, 5.34119457e-02, -2.57073101e-02,
       -1.18366405e-02, 3.55730735e-04, 5.72800962e-03, -1.51664941e-02,
       1.07451184e-02, 8.03259015e-02, 1.27935996e-02, 3.24305147e-02,
       -3.84758934e-02, -4.13190313e-02, -1.48604782e-02,
       -7.13908672e-02, 1.39318015e-02, -4.66243215e-02, -8.45840201e-03,
       -8.01867172e-02, -1.35103641e-02, 3.18368040e-02, 9.13530067e-02,
       5.74891493e-02, -7.79925212e-02, -1.53048718e-02, 5.92406094e-02,
       -3.59665565e-02, 2.32360922e-02, 8.32751542e-02, -3.13898772e-02,
       2.22249031e-02, -3.55620459e-02, -5.74178703e-04, 1.50963515e-02,
       2.84064654e-02, 6.26198947e-02, -2.59387586e-03, -6.06724024e-02,
       -5.51946694e-03, -3.39533761e-02, -3.18874605e-02,
       -6.78337663e-02, -3.33837210e-03, -4.20444384e-02,
       -9.60069820e-02, 7.25581497e-02, 1.47207244e-03, 2.74123810e-02,
       -3.28953192e-02, -2.24228725e-02, -2.89016441e-02, 1.23756956e-02,
       1.49708092e-02, 6.54831901e-02, -9.82782245e-03, -2.22176500e-02,
       -1.10804094e-02, -1.28789581e-02, 8.57490972e-02, 1.21911066e-02,
       6.08817004e-02, 4.39863652e-02, -4.06579785e-02, 1.86701734e-02,
       5.50897866e-02, -2.69926060e-02, 6.77901581e-02, 1.23266205e-01,
       7.18882009e-02, 9.08477418e-03, -3.32551263e-02, 3.54567654e-02,
       -6.65066123e-04, -3.25434767e-02, 6.59479871e-02, 9.49904397e-02,
       -7.07290461e-03, 2.25658119e-02, 5.95401563e-02, 3.64422575e-02,
       3.61299813e-02, 1.07120171e-01, -3.17723257e-04, -8.31545051e-03,
       3.59772332e-02, -3.49025540e-02, 3.24205272e-02, 2.12639384e-02,
       -2.57759914e-03, 5.11633195e-02, 1.44560430e-02, 2.42871698e-02,
       1.80986407e-03, -4.87266369e-02, 6.57242909e-03, 1.74716227e-02,
       -6.16830401e-02, -5.86174466e-02, 4.59561609e-02, -4.90810871e-02,
       -1.73102133e-02, 3.03104743e-02, 2.35229041e-02, 2.50112023e-02,
       2.86372472e-02, 1.43131113e-03, -4.28064913e-02, -1.66057814e-02,
       -3.76966782e-03, -3.99408042e-02, 9.64790210e-02, -2.95689125e-02,
       1.51454872e-02, -4.17211503e-02, -2.66770571e-02, -2.49766037e-02,
       -2.34574582e-02, 2.05046474e-03, -2.90025817e-03, 7.63731524e-02,
       -2.80021094e-02, 4.93169315e-02, -1.04101766e-02, -5.38479462e-02,
       1.48705132e-02, 4.24339063e-02, 7.84952417e-02, 2.62672156e-02,
       -3.72288264e-02, 2.08593234e-02, -1.40286069e-02, 4.77285171e-03,
       1.12018045e-02, -5.01075126e-02, -4.29572202e-02, 5.48468120e-02,
       6.56723455e-02, 8.33498091e-02, 2.57541183e-02, -6.10990301e-02,
       5.95803596e-02, -8.09174478e-02, -4.24189866e-02, 4.37648827e-03,
       5.09700142e-02, -4.75594997e-02, 1.99286044e-02, 1.89944301e-02,
       -1.18724601e-02, 5.92473261e-02, -6.71842098e-02, -4.71096709e-02,
       4.38322946e-02, -4.98916097e-02, 3.48384343e-02, 2.84869894e-02,
       -1.48411887e-02, -4.67149206e-02, 5.53022139e-02, -8.10467154e-02,
       -2.30919663e-02, -1.49891796e-02, -8.46516062e-03, 5.32974228e-02,
       5.07077426e-02, -9.68640577e-03, -4.95239743e-04, 5.71595412e-03,
       6.85935542e-02, 6.53551659e-03, 2.88171712e-02, 6.97171092e-02,
       4.88372855e-02, -6.70034513e-02, -1.10296961e-02, -1.38872257e-02,
       5.70976324e-02, -1.09450202e-02, -2.15636995e-02, -2.12489674e-03,
       -6.25329614e-02, 9.65360086e-03, 3.94829502e-03, 8.08664691e-03,
       2.57737767e-02, 5.80898561e-02, -4.26736251e-02, 2.77786888e-03,
       -8.92986581e-02, -1.30752018e-02, 1.35209057e-02, 1.46822538e-02,
       2.05242727e-02, -5.27371913e-02, 5.18099032e-02, -5.87064624e-02,
       4.64372151e-02, 3.09314802e-02, 2.07907353e-02, 2.70815380e-02,
       -4.29511629e-02, 3.04309577e-02, -7.65785947e-02, -7.81229883e-02,
       2.46884022e-02, -2.48904172e-02, 4.66816500e-02, -5.95131470e-03,
       -1.96544006e-02, -5.28954864e-02, -2.16370951e-02,
       -2.86569223e-02, 3.72437686e-02, -2.14997213e-03, -2.98008509e-02,
       2.32674126e-02, -1.05501883e-01, 2.79885773e-02, -6.78828638e-03,
       -8.43346398e-03, -2.26343628e-02, -3.47552113e-02, 5.30402213e-02,
       7.83265010e-02, 1.98205020e-02, -2.46005710e-02, -2.39747372e-02,
       -1.96527671e-02, 4.52839471e-02, 2.06396561e-02, 4.05984297e-02,
       4.44370173e-02, -1.18671581e-02, 7.95452297e-03, -2.79608946e-02,
       -4.22224589e-02, 1.39381448e-02, -3.95981036e-02, -3.80005129e-02,
       -3.75563540e-02, 1.27627803e-02, -5.82378404e-03, 1.71552459e-03,
       -8.28337681e-04, 7.29638990e-03, -5.23325577e-02, -3.04939114e-02,
       -3.42738219e-02, -2.62857415e-02, 8.56317282e-02, 4.16749232e-02,
       -1.50244068e-02, -2.25452445e-02, 4.27110568e-02, -4.85260913e-04,
       -1.18537676e-02, -8.92486647e-02, 9.02999192e-03, 4.28321064e-02,
       1.07369851e-03, -1.55379074e-02, -5.39189379e-04, 2.49008145e-02,
       -1.82390139e-02, 8.04967526e-03, 4.58724797e-02, -6.23689368e-02,
       5.33786081e-02, -4.86602373e-02, 6.11171946e-02, -3.22657339e-02,
       2.77495496e-02, -5.58765531e-02, 3.90707282e-03, 6.65069651e-03,
       3.05442661e-02, -5.53846769e-02, -3.73094641e-02, -3.24479886e-03,
       2.95346882e-02, 2.79210899e-02, -4.01679464e-02, 4.25293259e-02,
       2.87778229e-02, -1.78358089e-02, -6.72327653e-02, 2.84630060e-03,
       2.52965633e-02, 7.83171877e-03, 6.61256015e-02, -2.04163231e-02,
       1.52563583e-02, 2.91269971e-03, 2.70863473e-02, -3.71918567e-02,
       -1.39443632e-02, 2.39306446e-02, 9.28440690e-03, 1.42006427e-02,
       -1.33762816e-02, -1.92931574e-02, -6.91430410e-03,
       -5.91285434e-03, -1.31543726e-02, 4.03144164e-03, 5.78447618e-02,
       -2.80776247e-02, 8.10865313e-03, -4.49967533e-02, -3.35373394e-02,
       -6.28990494e-03, -4.59653921e-02, 7.02953786e-02, -6.40991479e-02,
       3.94744128e-02, 7.05407336e-02, 6.66668965e-03, -5.64924106e-02,
       -6.96817553e-03, -8.71231873e-03, -2.45146882e-02, 2.33697575e-02,
       -5.83399981e-02, -8.22979435e-02, -1.45313144e-02,
       -1.13174636e-02, 1.95139144e-02, 5.21128885e-02, 2.85975053e-03,
       -1.16234489e-01, 3.70567702e-02, 2.44932082e-02, 8.83301049e-02,
       3.52402516e-02, 8.23534280e-02, 4.79011424e-03, -2.84582805e-02,
       5.67284748e-02, -4.87197600e-02, -4.17897515e-02, -6.24733977e-02,
       -2.49469769e-03, 1.43972049e-02, 6.65364116e-02, 6.29411787e-02,
       4.72891517e-02, 5.55569194e-02, 1.28193554e-02, 6.50951490e-02,
       -1.32111870e-02, -1.13538830e-02, 8.63574147e-02, -6.90020323e-02,
