%YAML:1.0
---
matrix: !!opencv-matrix
   rows: 1
   cols: 512
   dt: f
   data: [ -3.47713940e-02, -2.50642058e-02, -4.36270842e-03,
       -2.83231512e-02, 9.84853506e-02, -3.58184688e-02, -8.76908600e-02,
       3.33260149e-02, -1.26347646e-01, -1.40906842e-02, -1.00650191e-01,
       2.90083536e-03, -3.54174860e-02, -4.52451818e-02, 1.33710634e-02,
       1.66804390e-03, 4.08405438e-03, 8.25576205e-03, 1.14432633e-01,
       -1.93121831e-03, 6.21202809e-04, 2.78204307e-02, 6.21183738e-02,
       -8.92234687e-03, 4.51892801e-02, -6.06757775e-02, -2.25414988e-02,
       -1.23870661e-02, 1.75683945e-02, 8.16172138e-02, 2.75468566e-02,
       3.67556773e-02, 4.94718365e-02, -2.37518433e-03, -3.78847197e-02,
       -6.65029660e-02, 4.24710698e-02, -2.13318728e-02, -1.75247211e-02,
       6.37806300e-03, -1.64086875e-02, -6.84968056e-03, 5.38103245e-02,
       2.83046234e-02, 1.01952024e-01, 2.98490170e-02, 1.00283911e-02,
       -1.65826343e-02, 4.20401506e-02, 3.46917324e-02, -3.80359292e-02,
       2.28363508e-03, -2.87442487e-02, -4.46230173e-02, 2.54937932e-02,
       4.18999530e-02, 2.74313185e-02, 7.60728726e-03, -1.90658104e-02,
       -4.89325412e-02, -1.24107534e-02, 4.98639839e-03, -2.88396329e-03,
       -3.62940729e-02, 2.27558184e-02, -4.45258170e-02, 8.19853246e-02,
       5.14078140e-02, 2.51064021e-02, -1.10757664e-01, -5.49591566e-03,
       -5.36081232e-02, -3.92527245e-02, 1.46572916e-02, -1.10591147e-02,
       3.10075469e-02, -4.77344729e-02, -1.05668232e-02, -1.99609175e-02,
       6.06397120e-03, -9.41938758e-02, 7.70401210e-03, 3.39511149e-02,
       3.63545455e-02, 1.14583783e-02, 1.03657082e-01, -8.18314180e-02,
       2.00967062e-02, -3.87835875e-02, -1.09800793e-01, 2.66103987e-02,
       4.12726663e-02, -6.16169088e-02, 1.40670892e-02, 3.92586365e-02,
       1.54567463e-03, -1.98718682e-02, 4.37517650e-03, 1.94103494e-02,
       -4.07155789e-02, 5.18471673e-02, -4.89895418e-03, 3.83398570e-02,
       2.96442211e-02, 2.37756092e-02, -3.16286050e-02, 7.93319419e-02,
       4.35298905e-02, 1.93414707e-02, -5.31770512e-02, 6.77812891e-03,
       -8.89352635e-02, 2.19711242e-03, -1.74616408e-02, -5.91154508e-02,
       -2.04023365e-02, 3.67850102e-02, -1.77750103e-02, 1.34749478e-02,
       -3.72070074e-02, -2.83885805e-04, -1.58097241e-02, 2.40659770e-02,
       -9.94976014e-02, -3.85658033e-02, 1.32908365e-02, -4.30235714e-02,
       4.10705134e-02, -6.40457273e-02, 1.62155610e-02, -3.77124175e-02,
       -1.19227897e-02, 1.06610442e-02, -8.00105631e-02, 3.72130722e-02,
       -3.06863827e-03, -4.69652899e-02, -3.51877771e-02, 1.06189912e-02,
       3.55573483e-02, -4.77043621e-04, -2.02062875e-02, -8.82241409e-03,
       9.73305106e-03, -2.79503549e-03, -8.01680759e-02, -2.19661854e-02,
       7.71086589e-02, -3.22523117e-02, -3.36450594e-03, -4.03404497e-02,
       6.37998879e-02, -1.02045769e-02, 2.58334167e-02, 7.39435777e-02,
       2.69603524e-02, 8.80733831e-04, -3.23330909e-02, -3.60112190e-02,
       -4.01097871e-02, -2.59361211e-02, 4.99977320e-02, -7.04620928e-02,
       -1.43336058e-02, 5.59365824e-02, -1.92014556e-02, 5.86491562e-02,
       -8.50628968e-03, 6.74979538e-02, -3.76428962e-02, 3.05641051e-02,
       -4.37475853e-02, 5.00505157e-02, 2.27393098e-02, 1.38880700e-04,
       -9.83220059e-03, -1.68639813e-02, 1.05846217e-02, -2.60838289e-02,
       -6.10309131e-02, 3.16644390e-03, 3.49742547e-02, -1.73367467e-02,
       8.28643441e-02, 3.67118903e-02, -4.17936370e-02, -4.94166538e-02,
       -2.56291348e-02, 1.39147509e-04, -2.15439834e-02, 4.99610789e-02,
       4.25834544e-02, -4.25978079e-02, -5.68968654e-02, -2.98826629e-03,
       -4.49548289e-02, 5.38403541e-02, 1.53841497e-02, -7.88168795e-03,
       -7.34239118e-03, -1.16211429e-01, -4.16623577e-02, 1.32144272e-01,
       -3.08360588e-02, -2.72005275e-02, -3.01925242e-02, 3.58819328e-02,
       2.69235484e-03, -2.68000774e-02, -1.12271095e-02, -6.51084781e-02,
       2.71842629e-03, 4.46534492e-02, -7.82842934e-03, -3.35240848e-02,
       -4.04042937e-02, -6.90142587e-02, -1.41546195e-02,
       -1.04686748e-02, 7.94989709e-03, 3.97454351e-02, 2.27405000e-02,
       2.52377428e-02, 2.19627246e-02, 4.85932231e-02, -4.18431778e-03,
       -1.74975544e-02, -4.79658246e-02, 3.86869200e-02, 1.15806162e-02,
       -5.25256582e-02, 3.79712172e-02, -1.13353040e-02, -1.13386303e-01,
       4.32070456e-02, 5.24494331e-03, 5.66039747e-03, -3.30533423e-02,
       6.99816719e-02, 3.40313800e-02, -8.61290435e-04, -9.08068474e-03,
       -9.07916669e-03, -5.33604622e-02, -2.08398178e-02,
       -2.38673091e-02, -8.22287425e-02, 6.08734787e-02, -8.51675123e-03,
       -5.97940385e-02, 5.53323366e-02, 8.09818432e-02, -5.96569404e-02,
       6.73356950e-02, -5.37698865e-02, -4.16260622e-02, -6.05902150e-02,
       2.45816894e-02, -6.56511858e-02, -8.47679470e-03, 7.39794299e-02,
       -3.26500386e-02, 1.95218474e-02, 3.66417840e-02, 2.05117520e-02,
       -5.43856211e-02, -3.28277871e-02, 2.10860781e-02, -2.85865031e-02,
       5.30192591e-02, 2.49556545e-02, -4.20089997e-03, 2.38889568e-02,
       3.58947515e-02, 3.59109566e-02, -1.10360011e-02, -7.99915865e-02,
       2.88511422e-02, 2.43400279e-02, 7.06903860e-02, 8.20206553e-02,
       5.68699874e-02, 4.71029021e-02, 5.43606505e-02, -6.89038634e-02,
       -1.72377154e-02, 6.33347258e-02, -2.33477145e-03, 9.78847295e-02,
       1.56609695e-02, 1.58281084e-02, 1.73428422e-03, -7.55551457e-02,
       -1.60565414e-02, 1.38192242e-02, -3.31157856e-02, -4.65626046e-02,
       -3.84967178e-02, -7.65687833e-03, -1.89389046e-02,
       -4.85265553e-02, -2.75501935e-03, -1.55052850e-02, 4.69566137e-02,
       4.86105978e-02, -2.75380462e-02, -4.81992476e-02, -7.01686591e-02,
       5.64249605e-02, 1.94873121e-02, 6.90216431e-03, -1.70464609e-02,
       -5.40469848e-02, -1.01092726e-03, 1.11814030e-02, 2.58718040e-02,
       4.73663732e-02, 6.50051907e-02, 4.09827456e-02, 1.25176450e-02,
       4.33947146e-02, -1.01776998e-02, 2.25572884e-02, 2.00411510e-02,
       -7.42572471e-02, -2.07223743e-03, -1.05246315e-02, 2.76412182e-02,
       6.23378158e-03, 5.11907823e-02, 1.33516230e-02, -4.52086627e-02,
       -8.47577229e-02, 2.46622004e-02, -1.60070471e-02, -3.01048160e-04,
       3.45864482e-02, -5.06683961e-02, -1.86177902e-02, 8.49412456e-02,
       6.50948361e-02, -6.99306205e-02, -1.23938909e-02, 4.58278917e-02,
       7.57321715e-02, -5.06570842e-03, -6.38920888e-02, 5.47928885e-02,
       7.56707555e-03, -4.25680205e-02, -9.46883520e-04, 3.78640443e-02,
       -4.46266346e-02, 6.66440055e-02, -1.06644975e-02, 6.32203966e-02,
       -1.14700766e-02, 6.01690449e-02, -8.22648033e-02, 1.98186352e-03,
       -3.71056274e-02, 1.07242046e-02, 3.01385801e-02, -3.63789201e-02,
       3.19875428e-03, -3.80981416e-02, 6.18516766e-02, -1.88876595e-02,
       -6.15994632e-02, 2.83201393e-02, -3.62144690e-03, -3.33286561e-02,
       4.31729965e-02, 3.51637527e-02, -6.98649809e-02, -1.63869765e-02,
       2.14763638e-02, -5.65677066e-04, -2.86801718e-02, -1.36307422e-02,
       3.58889252e-02, -2.28882115e-02, 4.79038768e-02, -1.52065873e-01,
       -2.94757280e-02, 2.51098014e-02, -1.40909161e-02, -1.03339995e-03,
       -3.82329933e-02, 1.20934043e-02, 1.79683771e-02, -1.73121635e-02,
       5.40158935e-02, -1.34444805e-02, -8.78094137e-03, 1.16712518e-01,
       -2.53346935e-03, -1.52777573e-02, -3.01008858e-02, 6.99644685e-02,
       -7.67753050e-02, 4.08172458e-02, 3.88939828e-02, -2.66184434e-02,
       -3.19264159e-02, 7.47513324e-02, -4.19714898e-02, 3.62344161e-02,
       -1.23916948e-02, -9.20156389e-02, -9.84659512e-03,
       -2.74606678e-03, 4.75973263e-02, -1.50823488e-03, 9.73406900e-03,
       5.75822406e-02, 2.35029962e-02, 3.54662128e-02, 4.09119762e-02,
       -3.67136416e-03, 2.00111344e-02, -4.96668853e-02, 7.22820386e-02,
       6.13500178e-03, -4.62457128e-02, 1.33782448e-02, 8.11322480e-02,
       2.39539593e-02, -7.80682787e-02, -8.94192904e-02, -1.93137769e-02,
