%YAML:1.0
---
matrix: !!opencv-matrix
   rows: 1
   cols: 512
   dt: f
   data: [ -5.14995679e-02, -3.26511674e-02, -2.98517309e-02,
       1.23334723e-02, 4.01212238e-02, 9.46084619e-04, -7.94738755e-02,
       1.19963125e-03, -5.97015992e-02, 3.23346518e-02, -1.12212766e-02,
       1.81006454e-02, 4.04217318e-02, 4.89843786e-02, 1.14587843e-02,
       -5.33724241e-02, 4.43444923e-02, 8.03330243e-02, -2.03667022e-02,
       -2.84856837e-02, 2.41173115e-02, 3.70396711e-02, 7.90338684e-03,
       2.38148868e-02, -3.37411910e-02, -1.28359925e-02, -9.31447223e-02,
       1.89206079e-02, 5.67217059e-02, -4.71825190e-02, -2.10650209e-02,
       -5.97014427e-02, -2.83949710e-02, 1.67310871e-02, -1.28399253e-01,
       -1.79654527e-02, 5.51754721e-02, 7.37241050e-03, -2.66606268e-02,
       1.21616079e-02, -2.88080592e-02, 1.22197829e-02, 6.32946119e-02,
       2.78540198e-02, -2.81055737e-02, 4.51535434e-02, -2.48427782e-02,
       -1.02516646e-02, -3.65719050e-02, -3.03141102e-02, 2.73603685e-02,
       -4.18469571e-02, 4.98021431e-02, -3.49688046e-02, -1.80078354e-02,
       -7.17646070e-03, 1.28098717e-02, 1.57286711e-02, 1.24801099e-01,
       -5.52395545e-03, -3.75415501e-03, -2.19870545e-02,
       -7.12382421e-02, 1.06325662e-02, -2.09200978e-02, -1.78848561e-02,
       7.89449140e-02, -5.62651455e-03, -3.18949670e-02, -2.88121291e-02,
       -3.82800438e-02, -5.07979132e-02, -5.52606694e-02,
       -4.84726019e-03, -3.76347010e-03, 4.38684374e-02, 3.67923528e-02,
       -2.77427258e-03, -2.19510533e-02, -3.93512994e-02,
       -1.50407134e-02, 5.19196540e-02, -2.00545490e-02, -8.80110487e-02,
       -5.08828349e-02, -7.43263820e-03, -3.01015377e-03,
       -2.45234254e-03, 1.10118493e-01, 1.62687544e-02, -4.57428060e-02,
       4.87775914e-02, 2.63784919e-02, 1.00495415e-02, -4.65871617e-02,
       4.54313420e-02, -1.72473136e-02, -6.14918768e-04, -6.15897067e-02,
       -5.54978587e-02, -3.40874754e-02, -5.79159595e-02,
       -2.26130150e-02, 1.49755022e-02, 2.83944234e-03, -5.77409975e-02,
       -1.79458503e-02, 1.68343708e-02, 2.68658586e-02, 2.00548749e-02,
       -1.86790694e-02, -1.50403649e-01, -2.84263920e-02,
       -1.31069552e-02, -1.14844888e-02, -2.80502345e-03,
       -5.61374575e-02, 4.77938801e-02, 8.81719589e-02, -4.52773944e-02,
       8.17418769e-02, 4.36708238e-03, 9.10937190e-02, 8.45558383e-03,
       2.95647979e-02, -1.40523128e-02, 7.44062439e-02, 7.84996059e-03,
       -7.03812949e-03, -7.29507534e-03, 3.72483693e-02, -2.31395736e-02,
       -7.08516240e-02, -5.07791564e-02, 3.70307118e-02, -1.07729835e-02,
       -6.61526471e-02, -3.41622420e-02, -4.67800200e-02, 1.93053894e-02,
       -1.74409989e-02, 3.32747540e-03, -5.06334305e-02, 1.29823582e-02,
       4.67149337e-04, 8.46918393e-03, -1.65185090e-02, 2.29278672e-02,
       -4.47726250e-02, -7.13571608e-02, -4.28281985e-02,
       -1.78934764e-02, -1.80076975e-02, -2.84412224e-03, 2.55505531e-03,
       3.13187093e-02, 1.42233241e-02, -9.81724933e-02, 3.48398313e-02,
       -1.59818418e-02, -2.47457586e-02, -2.63452381e-02,
       -1.83871426e-02, -7.48838857e-03, -2.60189436e-02,
       -7.11909356e-03, -9.08624157e-02, -4.52516638e-02,
       -2.25222204e-03, 1.84783656e-02, -4.56619523e-02, 1.15798665e-02,
       6.57191593e-03, -2.30417144e-03, 6.37509208e-03, 6.31638616e-02,
       1.65627375e-02, 1.21954819e-02, 1.51091591e-02, 2.21009832e-03,
       4.03708518e-02, 2.56872289e-02, 3.54442261e-02, 3.36819179e-02,
       -4.18199152e-02, -2.52696825e-03, -5.76070100e-02,
       -1.11471318e-01, 3.74846160e-02, 3.06425560e-02, 1.01290438e-02,
       -7.03682541e-04, 1.69996861e-02, -7.64910281e-02, 3.15569043e-02,
       -1.71905588e-02, 7.64390379e-02, -5.72837703e-02, 1.16447747e-01,
       -8.33854899e-02, 1.42699508e-02, 9.61545333e-02, -1.77949108e-02,
       -9.74108279e-02, 2.92215254e-02, -1.11141028e-02, 8.19316693e-03,
       3.98318879e-02, 5.02596870e-02, 3.93617228e-02, 3.83280702e-02,
       -3.74913812e-02, 1.29166963e-02, -4.67835888e-02, 7.05616996e-02,
       -3.70760299e-02, 4.95204739e-02, -3.60021219e-02, -6.74038753e-02,
       -2.19646618e-02, -8.13908130e-02, 9.21458304e-02, -2.31486349e-03,
       7.50850365e-02, -4.34675328e-02, -3.15219611e-02, -6.12691194e-02,
       7.13710785e-02, 3.64286378e-02, -2.13898364e-02, -6.36912836e-03,
       3.05980537e-02, -5.61372302e-02, 3.70051228e-02, 1.29071800e-02,
       -1.96609795e-02, 4.13476005e-02, -6.11930154e-03, -1.03350483e-01,
       1.38966497e-02, -7.82956183e-02, 2.25899480e-02, -4.50420845e-03,
       2.93839388e-02, -6.96420819e-02, 1.39143420e-02, -4.41814400e-02,
       -1.22563960e-02, -1.88355632e-02, 6.82142824e-02, -1.45212905e-02,
       3.02966218e-02, -5.13379872e-02, -8.39128420e-02, 6.96071796e-03,
       -7.79890493e-02, 1.58530741e-03, 5.10714464e-02, 3.50199006e-02,
       -2.71799359e-02, 3.36027257e-02, 3.36327963e-02, 8.12704638e-02,
       -5.69461882e-02, -7.06086159e-02, -2.93613016e-03, 4.10558283e-02,
       8.17191005e-02, -8.86117667e-02, 1.61382295e-02, -2.21332442e-03,
       -8.08293466e-03, 3.84280533e-02, 6.76668854e-03, -1.55542418e-02,
       -2.19994392e-02, -7.66045600e-02, -8.33458304e-02, 5.18788025e-02,
       -2.46382579e-02, 5.37285656e-02, 4.69192527e-02, 4.03087139e-02,
       2.11858680e-03, -2.59596854e-03, -3.85381058e-02, 6.36001909e-03,
       1.04521273e-03, 7.62543529e-02, 3.07104364e-03, 2.89589390e-02,
       3.27082723e-02, -1.23597449e-02, 4.95781526e-02, 3.47182006e-02,
       2.46402472e-02, -5.10909874e-03, -3.43144797e-02, -3.46964151e-02,
       -1.28953699e-02, 1.25150988e-02, -1.96904857e-02, -5.53825088e-02,
       8.15751869e-03, 6.75830320e-02, -2.39713695e-02, 1.81903993e-03,
       2.53528412e-02, -2.80786082e-02, 1.12433068e-01, -6.50107265e-02,
       -3.78977023e-02, 3.89741594e-03, -1.00457575e-02, -9.27653443e-03,
       -5.12431525e-02, 5.11663370e-02, 2.10387670e-02, 9.83531922e-02,
       -1.84253920e-02, 8.58279131e-03, 1.52404495e-02, 5.71862189e-03,
       5.54054268e-02, -1.61651094e-02, 7.75635093e-02, -5.71011147e-03,
       -3.55711915e-02, 3.99454162e-02, 9.26596951e-03, -8.57980363e-03,
       4.00286801e-02, -9.93356928e-02, -6.19685510e-03, -9.05929208e-02,
       2.88212281e-02, 3.73698287e-02, -1.65212841e-05, -2.53924634e-02,
       7.08352476e-02, 2.32456112e-03, -2.99379732e-02, -2.44367830e-02,
       -1.46632474e-02, -4.37193252e-02, -1.30043346e-02, 4.36975434e-02,
       -2.37921602e-03, -4.42128256e-02, 5.07882214e-04, -8.15774966e-03,
       -2.44494304e-02, 4.70773643e-03, -5.05061038e-02, 1.33188339e-02,
       3.50897200e-02, 8.44451264e-02, 3.40074971e-02, 6.70203380e-03,
       5.21480404e-02, -2.49826275e-02, -6.57032877e-02, 2.51534246e-02,
       -3.13217170e-03, -6.43184036e-02, 2.35873125e-02, 4.60387319e-02,
       -9.68587399e-03, -7.85572454e-02, -9.03184339e-02, 3.18856654e-03,
       -2.51407754e-02, -6.17648428e-03, -1.84454303e-02,
       -4.07360680e-02, 3.49800549e-02, -1.32225994e-02, -1.31049722e-01,
       -3.58847063e-03, 7.96292052e-02, 5.04863113e-02, 4.95267697e-02,
       -1.72476824e-02, 2.86278054e-02, -4.97630564e-03, 7.58349299e-02,
       2.76328865e-02, 4.38317843e-02, 1.00641042e-01, -1.16562014e-02,
       -1.01041533e-02, 1.83017571e-02, -4.50357012e-02, 3.99209373e-02,
       1.78434588e-02, 3.56435254e-02, 7.34981224e-02, -2.09456533e-02,
       -3.78788672e-02, 7.89279714e-02, 3.18365805e-02, -8.17635842e-03,
       -3.40117291e-02, 6.25951514e-02, 5.34075573e-02, 2.43070796e-02,
       1.26922308e-02, -1.97748709e-02, -2.54672542e-02, -6.96833953e-02,
       2.27160659e-02, -2.34471690e-02, 1.05190771e-02, -8.58281329e-02,
       9.81902145e-03, -1.58555096e-03, -3.47768664e-02, 1.02367677e-01,
       -4.87875938e-02, -4.28864993e-02, 3.82876247e-02, 4.96480614e-02,
       -5.53974137e-03, -1.92162376e-02, -2.16115564e-02,
       -5.53950667e-03, -4.53954749e-02, -5.87552451e-02,
