%YAML:1.0
---
matrix: !!opencv-matrix
   rows: 1
   cols: 512
   dt: f
   data: [ 1.62461828e-02, -3.40264216e-02, 6.00469895e-02,
       -9.37401131e-03, 1.58298984e-02, 2.05914006e-02, -1.34201895e-03,
       -2.86474451e-02, 2.26041321e-02, 8.38568434e-02, 8.78238752e-02,
       -6.82634860e-02, -2.76855547e-02, -4.34184261e-03, 1.37497699e-02,
       -4.29338366e-02, 2.20234809e-03, 3.45950648e-02, 8.36726185e-03,
       6.41136914e-02, 7.60058835e-02, 5.71896788e-03, 3.79094447e-04,
       -3.86284012e-03, -2.38154773e-02, -1.80735886e-02,
       -1.92539692e-02, 1.01389075e-02, 2.54731881e-03, 2.08850559e-02,
       5.60315587e-02, 1.03897955e-02, -3.59294936e-02, 1.83571111e-02,
       3.34415119e-03, 2.31982097e-02, -3.94143462e-02, -5.62902121e-03,
       -6.42338321e-02, -5.17274588e-02, -7.55350366e-02,
       -2.10007913e-02, -3.10855433e-02, -1.06292656e-02, 5.02252281e-02,
       -1.66495498e-02, 9.03433189e-03, -2.17967350e-02, 2.95901224e-02,
       -1.82782784e-02, -2.00457685e-02, 4.12663370e-02, -3.67864370e-02,
       3.85397784e-02, 7.81608932e-03, -4.06637527e-02, -7.69063681e-02,
       3.84170488e-02, 1.37706790e-02, 1.31463874e-02, -2.37099212e-02,
       -4.80437651e-02, 2.96282656e-02, -1.48778958e-02, 3.15484367e-02,
       -4.02840450e-02, 5.54950489e-03, -1.46137774e-02, -2.75125331e-03,
       9.92140844e-02, 7.18212780e-03, -5.12299053e-02, 3.09145395e-02,
       -2.24159732e-02, 5.25261909e-02, 3.91934663e-02, -1.33886440e-02,
       -6.25902936e-02, -4.16588411e-02, -5.01071755e-03,
       -4.07402683e-03, -6.08372968e-03, -3.17800678e-02,
       -1.89158656e-02, 1.42042525e-03, -2.81445440e-02, 6.74950555e-02,
       -2.71876995e-02, 3.46937738e-02, 8.24086275e-03, -4.56032790e-02,
       4.01685312e-02, -6.15004972e-02, -4.83418442e-02, 1.00618824e-01,
       -8.41307174e-03, 2.52029812e-03, 3.97110246e-02, -2.13189982e-02,
       2.48374306e-02, -3.31592560e-02, -3.69241065e-03, -7.81300757e-03,
       1.53579852e-02, 2.07978357e-02, 9.68325138e-02, 2.41799578e-02,
       4.08698395e-02, -5.09317331e-02, 4.08847556e-02, -4.01099697e-02,
       -2.11314950e-02, 1.60980523e-02, -3.06575280e-02, -4.75335717e-02,
       -1.69833582e-02, 1.57535430e-02, -1.34717837e-01, -3.74027230e-02,
       2.81656794e-02, 1.73472222e-02, -6.88717365e-02, -2.10315883e-02,
       -4.10511792e-02, -7.68216476e-02, 3.20965722e-02, 5.80375940e-02,
       1.12892697e-02, -2.04666853e-02, -4.57819514e-02, -1.79446880e-02,
       5.89348786e-02, -5.26272273e-03, 3.61164920e-02, 4.80079092e-02,
       -1.99639983e-02, -1.17139839e-01, 1.26407534e-01, 4.05142270e-02,
       3.80069427e-02, 3.40973251e-02, -4.92229983e-02, -6.59503415e-02,
       -3.10315285e-02, -4.90385527e-03, -2.12065447e-02,
       -3.77838314e-02, 8.13863277e-02, -1.30233495e-02, 3.24571729e-02,
       -1.29548647e-02, 1.55682992e-02, 4.78168484e-04, 2.31875125e-02,
       7.77020678e-02, -2.91083232e-02, -6.51243106e-02, 4.20231782e-02,
       -6.02418259e-02, -3.92996660e-03, 4.87187319e-02, 2.96154898e-02,
       8.60884506e-03, 2.57933103e-02, -2.50796857e-03, 1.00561261e-01,
       1.19506493e-02, -1.83873810e-02, 4.41295318e-02, -1.47230318e-03,
       -4.45227697e-02, -3.88615690e-02, 9.09585580e-02, -5.37330918e-02,
       -4.44666594e-02, -3.19178775e-02, 3.02235615e-02, -5.57864569e-02,
       3.63045558e-02, -1.32217035e-02, -4.36238050e-02, 5.36918119e-02,
       8.97187069e-02, -1.01845916e-02, 8.26595426e-02, -4.23680320e-02,
       -8.06518570e-02, 6.92556798e-02, -7.31862634e-02, -2.03687772e-02,
       -1.04936864e-02, -9.55934897e-02, 2.30192877e-02, 1.92376859e-02,
       -6.23987317e-02, 8.32573548e-02, -1.85545478e-02, 7.39258677e-02,
       -1.54273016e-02, -4.01439965e-02, 7.10833222e-02, 6.31333590e-02,
       3.78157105e-03, 2.80449353e-02, -5.89715578e-02, 1.77640300e-02,
       -4.02605953e-03, 6.17618859e-02, 4.05150553e-04, -5.68357855e-02,
       -6.43508211e-02, -6.80333525e-02, -1.28193637e-02,
       -5.24699464e-02, -2.68143453e-02, -2.22920049e-02, 1.37092648e-02,
       -1.35172606e-02, -1.31456787e-02, -4.49350588e-02, 9.48247910e-02,
       -2.88619716e-02, 2.23778076e-02, 3.96545790e-03, 4.85092476e-02,
       -3.35281645e-03, -2.14222297e-02, -3.19453515e-03,
       -1.96527224e-02, 3.34944949e-02, -2.72517009e-05, -2.38573607e-02,
       2.33034287e-02, -3.93738709e-02, -3.02278120e-02, -1.95533354e-02,
       2.83912104e-02, -4.65728454e-02, 6.18518740e-02, -2.59318277e-02,
       -3.24347988e-02, -3.97188663e-02, -7.11634383e-03, 3.17972004e-02,
       1.40039567e-02, -3.44559588e-02, -2.99239233e-02, -1.17345890e-02,
       4.29309309e-02, 1.08979587e-02, -2.89565194e-02, 5.42033017e-02,
       6.42522052e-02, -2.16119103e-02, -5.60499318e-02, 1.48810484e-02,
       6.83123097e-02, 2.20142826e-02, -3.67887095e-02, -1.87149532e-02,
       2.09093522e-02, -1.85323358e-02, -1.25760864e-02, -1.10288952e-02,
       3.83585542e-02, -7.78521448e-02, 2.51006130e-02, 3.47151533e-02,
       -7.90626481e-02, -3.14635150e-02, -1.57449804e-02, 6.34553730e-02,
       -2.53825802e-02, -6.51624799e-02, 6.50749775e-03, 2.74394527e-02,
       -8.37748498e-03, 1.14894465e-01, 4.18302929e-03, 8.30449909e-02,
       -2.61923149e-02, 4.84125987e-02, -5.68997003e-02, -5.42836934e-02,
       7.18309730e-02, 2.35898215e-02, -6.31364584e-02, -1.01903208e-01,
       2.64575444e-02, -4.47999220e-03, -1.13829240e-01, -1.14079309e-03,
       -2.66422555e-02, -9.67553258e-02, -5.02900966e-02, 1.38729317e-02,
       -3.24520282e-02, 6.76671639e-02, -8.26486796e-02, -6.74215006e-03,
       -3.45054753e-02, 4.04673349e-03, -1.84518695e-02, 2.64701359e-02,
       5.10105379e-02, -2.69757193e-02, -5.67158833e-02, -7.55653605e-02,
       8.06922093e-02, -6.95044324e-02, -8.56996924e-02, 2.45817713e-02,
       1.67025290e-02, 4.23193984e-02, 8.00955892e-02, 1.74771473e-02,
       6.12824857e-02, 1.14251385e-02, 5.71893416e-02, -5.57520054e-03,
       1.64428223e-02, -2.09545065e-02, 1.17187202e-02, 3.74327078e-02,
       5.20397760e-02, -3.75672020e-02, -2.11792123e-02, -2.37157922e-02,
       -3.74225490e-02, 4.49708942e-03, 1.00373134e-01, 2.43597571e-02,
       -6.18189899e-03, -3.15160938e-02, -3.93852629e-02, 2.39931466e-03,
       3.78730260e-02, -4.41483706e-02, 2.57811565e-02, -4.15837504e-02,
       -1.92528393e-03, -3.79570120e-04, -7.95858260e-03, 2.00817641e-02,
       -4.22104225e-02, 9.16710570e-02, -1.52202547e-02, -3.28596011e-02,
       -7.73121268e-02, 8.01515579e-03, 3.06803659e-02, -4.27169129e-02,
       6.34841342e-03, -3.09156310e-02, 7.10143074e-02, 1.10901697e-02,
       -5.66868372e-02, -7.74215683e-02, 3.75009514e-02, 4.54372317e-02,
       -6.74389675e-03, 3.12905349e-02, 3.31274532e-02, -7.27982000e-02,
       3.49901617e-02, -8.35897587e-03, 1.00431032e-03, 6.14588112e-02,
       2.48929113e-02, 3.69507410e-02, -4.89996560e-03, -4.29350175e-02,
       -2.75340006e-02, -2.36428599e-03, -1.36001711e-03, 9.83942971e-02,
       1.80287361e-02, -2.43272800e-02, 4.03728187e-02, -2.09600702e-02,
       -9.45765059e-03, -6.48388118e-02, 4.38151835e-03, 5.10230847e-03,
       -1.08500093e-01, -5.89460018e-04, 2.39108484e-02, 5.25287911e-02,
       -6.49032220e-02, 5.05822226e-02, 5.63076697e-02, 2.02281214e-02,
       2.00058930e-02, -7.25352243e-02, -3.36296149e-02, 8.49652067e-02,
       -9.36269946e-03, -4.78496701e-02, -6.29014671e-02,
       -1.01275062e-02, -6.71691895e-02, -3.19619812e-02,
       -5.41091412e-02, -5.14085852e-02, -2.12724619e-02, 4.75890525e-02,
       2.78109536e-02, 2.70938519e-02, 1.15420789e-01, -2.95831971e-02,
       2.04003658e-02, -5.15545113e-03, -6.26151636e-02, 1.96109712e-03,
       5.43418899e-02, 1.84410941e-02, 2.24269759e-02, 2.81650033e-02,
       1.34963002e-02, -1.40855825e-02, 4.92571248e-03, -3.90072614e-02,
       2.74140611e-02, 3.55115496e-02, -6.68285340e-02, 2.19076909e-02,
       -3.65373790e-02, -8.92530754e-02, 3.24869752e-02, 3.86295258e-03,
