%YAML:1.0
---
matrix: !!opencv-matrix
   rows: 1
   cols: 512
   dt: f
   data: [ -2.51802262e-02, 3.79466750e-02, -3.16369720e-02,
       4.55507450e-02, 1.80156194e-02, -4.11075689e-02, -3.11765168e-02,
       -4.89842184e-02, 1.06725600e-02, -1.34216696e-01, -6.58983737e-02,
       4.32949234e-03, 3.07831410e-02, 7.49129206e-02, -5.12223579e-02,
       9.60716140e-03, -1.04147969e-02, -6.65611541e-03, -6.53702319e-02,
       -2.55693421e-02, -2.48962715e-02, 5.37580438e-02, 4.45194496e-03,
       -2.95566991e-02, 1.49932392e-02, -5.93642294e-02, 4.94431704e-02,
       -1.54696498e-02, -8.11164156e-02, 1.16524592e-01, 8.34703892e-02,
       -5.92518933e-02, 1.50286430e-03, -1.41923530e-02, 3.81803699e-02,
       2.68871132e-02, 4.29294333e-02, 3.35327573e-02, 2.96393670e-02,
       -9.48592182e-03, 6.01952933e-02, 4.63143066e-02, 1.00210896e-02,
       -6.92272261e-02, -3.22614610e-02, 1.37944641e-02, -1.02784921e-04,
       3.02642025e-02, -1.72344334e-02, -1.91700421e-02, -8.44876394e-02,
       -4.56206053e-02, -4.12129201e-02, -6.29773363e-02, 2.63389777e-02,
       3.15217637e-02, -3.05728847e-03, 1.53744789e-02, 7.42119923e-02,
       1.32582465e-03, 1.11985775e-02, -1.10367030e-01, -3.54750119e-02,
       5.92338555e-02, -3.13506462e-03, 6.00812919e-02, 3.52977626e-02,
       7.83477873e-02, -6.34773774e-03, -1.95467789e-02, 1.78270340e-02,
       1.58752576e-02, -5.68700098e-02, -2.87084887e-03, 5.41683845e-02,
       -1.36793843e-02, -5.67712225e-02, -3.74498777e-02,
       -5.56170344e-02, 6.44420609e-02, 5.47803454e-02, -6.04477488e-02,
       -4.43051234e-02, 2.58991756e-02, -3.92903341e-03, -4.79973061e-03,
       1.35689098e-02, 1.13168536e-02, 6.16751872e-02, 1.76212508e-02,
       -2.43603643e-02, 4.77914549e-02, 3.47035974e-02, 8.50801691e-02,
       -2.80897859e-02, -4.47360687e-02, -9.43873301e-02, 3.78167182e-02,
       -6.57866569e-03, -7.58716315e-02, -3.50933149e-02,
       -6.06273375e-02, 2.20859540e-03, -3.33194770e-02, 3.59510966e-02,
       -3.53863053e-02, -3.19487192e-02, -1.59839541e-02,
       -1.65859554e-02, -3.49099748e-02, 4.98403050e-03, 4.82925883e-04,
       2.38215979e-02, -1.22288615e-02, -1.35122463e-01, -2.54977145e-03,
       8.89609754e-02, -5.73503822e-02, 4.70053591e-02, -2.58403854e-03,
       -7.49382563e-03, -3.77236791e-02, 6.39014244e-02, -3.96152884e-02,
       -5.53239286e-02, -2.09950140e-05, -5.46942614e-02,
       -3.18235345e-02, 3.30931842e-02, -9.60861519e-03, -1.07727339e-02,
       2.75900271e-02, 2.38574054e-02, 3.20920465e-03, -4.34101485e-02,
       6.04295060e-02, -1.41824130e-02, 5.95223866e-02, 9.56599601e-03,
       8.52481201e-02, -3.50712053e-03, -2.19270252e-02, -2.45922115e-02,
       2.76392568e-02, -2.74906158e-02, -1.91643406e-02, -4.48718034e-02,
       -3.02474014e-02, -2.97854524e-02, -1.90832447e-02,
       -5.69081819e-03, -7.41270697e-03, 4.67374064e-02, -2.07019933e-02,
       3.08062211e-02, -7.52530172e-02, -1.71006983e-03, -4.66345884e-02,
       -4.26199958e-02, -3.51288654e-02, -1.03907508e-03, 2.74312422e-02,
       -2.17157640e-02, 8.88475776e-03, 4.55994047e-02, 5.23819551e-02,
       5.30301519e-02, -1.71335526e-02, -5.63206933e-02, 2.46053990e-02,
       3.51804192e-03, -6.73865452e-02, 4.72578928e-02, 8.03765431e-02,
       1.37401158e-02, -3.97793502e-02, -8.76466930e-02, 5.67058288e-02,
       -4.21817154e-02, -5.01842499e-02, -1.55055923e-02, 1.84877906e-02,
       -6.15279712e-02, -5.59546761e-02, -3.27290259e-02,
       -6.20166287e-02, 2.27734372e-02, 5.59288040e-02, -2.64968704e-02,
       5.35076950e-03, 1.45979058e-02, 5.00121340e-02, 5.04852757e-02,
       -9.15282406e-04, -2.90535428e-02, -3.96610349e-02, 1.20450063e-02,
       -4.93189767e-02, 4.32143211e-02, 2.78732851e-02, -9.11069736e-02,
       -5.35677075e-02, 6.03218861e-02, 1.08970907e-02, -5.45888729e-02,
       -6.16706051e-02, 2.22999528e-02, 2.26230565e-02, -1.98682491e-02,
       -4.14177403e-02, -5.79402875e-03, 2.15983409e-02, 4.62295711e-02,
       2.38356125e-02, -3.78137678e-02, 1.37645341e-02, 3.10139395e-02,
       -1.12452768e-02, 6.35251403e-02, 4.41647321e-02, -4.96572629e-03,
       -4.07620147e-02, 1.97455082e-02, 4.56129871e-02, 8.20805505e-03,
       -1.44904656e-02, 7.15563598e-04, 7.83136673e-03, -9.00464579e-02,
       -3.69725898e-02, -3.39370370e-02, 7.21316710e-02, 8.21329728e-02,
       -2.54283939e-02, -8.60403292e-03, 1.48756327e-02, -4.12033545e-03,
       -1.64659694e-03, 3.00828330e-02, 6.97462186e-02, 4.87504750e-02,
       -1.85584929e-02, -1.34044811e-02, -5.95435835e-02,
       -1.13496780e-01, 3.59543040e-02, -7.38159642e-02, 5.54370955e-02,
       1.26693543e-04, 2.05792319e-02, -2.95002833e-02, -4.06315969e-03,
       -3.87905762e-02, 5.50199188e-02, 7.69353509e-02, -5.94656728e-02,
       4.45558736e-03, 7.38044083e-03, 4.31086570e-02, 4.60098200e-02,
       2.38317940e-02, 6.12970516e-02, 3.26911546e-02, -1.81280896e-02,
       -6.93284208e-03, 3.70036140e-02, -4.59867641e-02, -3.75202298e-02,
       -3.07350270e-02, 3.03065646e-02, 3.20592336e-02, 5.33784367e-02,
       -4.78895865e-02, 6.32610619e-02, -7.30565786e-02, -3.40844095e-02,
       2.10915394e-02, 2.40546577e-02, -6.08633691e-03, -4.91470331e-03,
       -2.85070781e-02, 6.73909783e-02, 1.69879217e-02, 2.25609299e-02,
       1.17920991e-02, 5.42270467e-02, -5.51183000e-02, -9.47012100e-03,
       -6.51447028e-02, 4.61069383e-02, 1.86284501e-02, 2.44323704e-02,
       -9.29140896e-02, -2.31499411e-02, 6.13957345e-02, 2.80297417e-02,
       -4.42251675e-02, -1.95600819e-02, 1.46966437e-02, 3.00585125e-02,
       -5.15691638e-02, 1.54129660e-03, -6.79630833e-03, 9.83029231e-03,
       -1.39971245e-02, -8.85345712e-02, -2.30662636e-02, 2.56218072e-02,
       5.27529381e-02, 1.80016998e-02, -1.21449739e-01, -2.98925843e-02,
       -3.57718468e-02, -8.38478561e-03, 2.47174762e-02, 1.10508529e-02,
       -2.68289261e-02, 1.95269901e-02, 1.65329818e-02, 3.64385247e-02,
       -3.30115519e-02, 1.99792758e-02, -5.02387173e-02, 5.76610751e-02,
       1.80183921e-03, -1.85729619e-02, 3.08808535e-02, -4.43629995e-02,
       8.27114657e-03, 2.20619831e-02, -6.13083616e-02, -5.70321679e-02,
       2.05782615e-02, -3.32859382e-02, 4.19343784e-02, 6.42850623e-03,
       6.54486120e-02, -4.10083402e-03, 6.95009157e-03, 8.28876197e-02,
       1.02020286e-01, -5.84593154e-02, -4.64736633e-02, 2.53546573e-02,
       -2.29542609e-02, -1.07995076e-02, -2.52073980e-03, 1.27655894e-01,
       -1.10897727e-01, -5.80510236e-02, -3.26108150e-02, 6.28132001e-02,
       1.85284428e-02, -3.80002633e-02, -1.24462167e-04, 1.80179495e-02,
       3.65962759e-02, -6.03918768e-02, -2.82014981e-02, 3.32444757e-02,
       -6.66366369e-02, 3.56465951e-03, 3.47157083e-02, -3.51381004e-02,
       8.82920474e-02, -1.40618804e-05, -2.07567178e-02, 8.52882117e-03,
       5.41561730e-02, -1.40246488e-02, -7.35398233e-02, 5.39280567e-03,
       -7.02328328e-03, 1.50205884e-02, -5.62374573e-03, -9.35545787e-02,
       1.43490331e-02, -1.01379380e-02, 2.77833752e-02, -1.03371978e-01,
       8.42841109e-04, 2.35991590e-02, 2.02548802e-02, -1.08748555e-01,
       6.74831271e-02, 1.21284127e-02, -3.70088704e-02, -3.53181660e-02,
       3.28264548e-03, -3.81021276e-02, 3.10183782e-02, -8.06644484e-02,
       2.98306085e-02, 1.14761628e-02, 3.75837535e-02, 5.52561767e-02,
       -1.30305625e-02, -4.98089120e-02, 3.28170508e-02, -4.04993780e-02,
       -4.10682857e-02, -3.20597142e-02, 7.86729977e-02, 3.85389626e-02,
       4.29559089e-02, 7.44157936e-03, -2.67320387e-02, 2.09304783e-02,
       -1.27895884e-02, 3.48831266e-02, -2.32299305e-02, 4.57347222e-02,
       2.13449467e-02, -5.17264642e-02, 4.22142120e-03, -1.19094756e-02,
       7.28398794e-03, -9.90738645e-02, -3.64913568e-02, -1.73237510e-02,
       -8.58587250e-02, 6.46269089e-03, 1.89592969e-02, 2.18481440e-02,
       -8.13725069e-02, 4.24849465e-02, -1.55748772e-02, -9.66465473e-03,
       -5.60218133e-02, 1.93551425e-02, -6.07490242e-02, -3.75892036e-02,
