%YAML:1.0
---
matrix: !!opencv-matrix
   rows: 1
   cols: 512
   dt: f
   data: [ 4.53690626e-02, -7.21206963e-02, 3.31618153e-02,
       -6.69510150e-03, 4.19570394e-02, 3.24332304e-02, -1.13362193e-01,
       -3.78544666e-02, -1.47761675e-02, 1.24576371e-02, -1.28941033e-02,
       4.23703305e-02, 4.56255563e-02, 1.39661401e-03, 3.54430489e-02,
       1.16303973e-02, -2.41491711e-03, 7.91740268e-02, 9.34261307e-02,
       4.61298972e-02, -4.14523818e-02, -4.47972631e-03, -1.63449943e-02,
       5.89856878e-02, 1.47964172e-02, 1.17361821e-01, -6.86868513e-03,
       3.95470746e-02, 7.07662553e-02, -7.73858875e-02, 6.79373816e-02,
       5.13167167e-03, 7.58454427e-02, 4.40928712e-02, 4.53182869e-03,
       1.20739922e-01, 4.92637046e-02, 3.03420704e-03, 1.02362502e-02,
       -8.49248096e-02, -9.75951478e-02, 2.28371774e-03, 3.98244001e-02,
       -2.49928627e-02, -7.07939733e-03, 1.78046320e-02, -5.24703786e-03,
       1.58210788e-02, 1.00823408e-02, 5.57929575e-02, 1.54157449e-02,
       2.33432949e-02, 3.63499001e-02, 6.99997842e-02, 6.79308781e-03,
       -1.15867704e-02, 8.34299624e-03, 2.97376537e-03, -5.54772131e-02,
       3.14547941e-02, -4.42414582e-02, -2.53428780e-02, -4.02249098e-02,
       -4.16921452e-02, 4.48526964e-02, -5.90309836e-02, 2.67600976e-02,
       6.50622174e-02, 4.83775511e-02, -2.90430281e-02, -2.37029344e-02,
       -3.45461257e-02, 6.82194456e-02, 9.52647999e-02, -7.23907948e-02,
       2.20943801e-02, -4.85288464e-02, -2.52878238e-02, -5.51983528e-03,
       -1.37058031e-02, -1.59190688e-02, -2.19038669e-02,
       -1.50962248e-02, -5.20499125e-02, -1.80583950e-02,
       -4.24075648e-02, -5.02667725e-02, -2.14574765e-02, 5.59951849e-02,
       6.91024885e-02, 8.62327367e-02, 3.25624906e-02, -2.86597796e-02,
       7.89856445e-03, 4.27191556e-02, 3.96199636e-02, 3.20552438e-02,
       -1.17512560e-02, -1.10561639e-01, 5.89094125e-02, 2.90185343e-02,
       9.09446646e-03, -5.39475307e-02, 3.79529893e-02, -3.81880179e-02,
       -2.99934410e-02, 6.72632903e-02, 3.82624567e-02, -3.06953304e-03,
       -3.48074771e-02, 1.23474240e-01, -1.49800731e-02, 8.25921670e-02,
       -3.46308760e-02, 5.33371083e-02, -3.35737877e-02, -6.92469105e-02,
       -7.67047927e-02, -2.63667554e-02, -1.11603908e-01, 4.20472920e-02,
       1.53560322e-02, -2.52995025e-02, 4.44448972e-03, -8.12914222e-03,
       2.29766369e-02, 2.61798911e-02, 8.83407891e-02, -6.78961053e-02,
       -1.82780679e-02, -3.83339077e-02, 7.68888695e-03, -1.04652599e-01,
       -3.30577008e-02, 2.75581330e-02, 5.07028922e-02, -4.92347814e-02,
       -3.00111212e-02, 5.62086031e-02, 5.68471588e-02, -5.35399988e-02,
       4.87177772e-03, -2.12424379e-02, 2.97433417e-02, 1.45697054e-02,
       -3.37912850e-02, 2.47229636e-03, 7.57085532e-02, -1.26443654e-02,
       1.02766849e-01, -1.00067705e-01, -4.39883582e-02, 9.13791452e-03,
       -4.58221463e-03, 4.33860766e-03, 8.03020820e-02, -7.56440237e-02,
       2.30617798e-03, -6.52065454e-03, -4.96749580e-02, -2.58366074e-02,
       1.09517353e-03, -7.31657865e-03, 8.38316306e-02, 6.33018687e-02,
       -3.98427509e-02, -2.41540633e-02, 3.06444330e-04, 4.85548936e-02,
       -2.45913137e-02, 3.70908901e-02, -1.75061692e-02, 5.92903644e-02,
       -1.06272392e-01, 5.81362881e-02, -2.52581108e-03, 7.89098092e-04,
       3.93253053e-03, 5.17064705e-02, 3.92932110e-02, 3.89447063e-02,
       -2.21869182e-02, -4.43194713e-03, 1.87081806e-02, 5.58010535e-03,
       -2.58948840e-02, -2.87167300e-02, 5.28255068e-02, 3.44124250e-02,
       2.37456430e-02, -1.07284877e-02, -3.03452015e-02, -5.34684099e-02,
       3.95402014e-02, 5.98773435e-02, -2.73553859e-02, 6.49250345e-03,
       -2.90934090e-02, 1.61604229e-02, 2.94358265e-02, 4.72542308e-02,
       -2.21553948e-02, 2.81956885e-02, -5.34642003e-02, -5.44483252e-02,
       3.11457310e-02, 6.68391306e-03, -3.29288542e-02, 5.07737771e-02,
       -4.84739728e-02, -5.99633716e-02, -6.84429938e-03,
       -1.36200367e-02, 4.06901166e-02, 1.49207776e-02, 4.26805913e-02,
       3.80137078e-02, -9.13238432e-03, 4.09068614e-02, -3.64107192e-02,
       2.35047042e-02, -2.00759023e-02, 3.13080847e-03, -2.76328879e-03,
       -1.34432260e-02, -9.75941047e-02, -1.93440653e-02, 2.75253057e-02,
       -7.18362769e-03, 2.06246451e-02, -1.23098306e-02, 1.81844980e-02,
       -8.90520122e-03, -7.07059354e-02, -1.12443538e-02, 6.51279092e-02,
       -5.66532463e-02, 3.52799520e-02, -3.09629347e-02, -8.21954757e-02,
       -5.20658791e-02, -8.25201869e-02, 7.00421212e-03, -1.55418560e-01,
       4.27519809e-03, -2.42252946e-02, -3.76337245e-02, 6.99278638e-02,
       -4.59061190e-02, 7.14094564e-03, 3.92128788e-02, -2.66109966e-02,
       2.79993434e-02, -5.69228493e-02, -4.78452034e-02, -1.12367899e-03,
       2.13524681e-02, -5.51070869e-02, -4.14155573e-02, -1.66409072e-02,
       1.20717157e-02, -8.17302018e-02, -4.67923395e-02, 2.95032021e-02,
       -3.00503578e-02, -6.55299425e-02, -6.12747297e-02,
       -1.22711677e-02, -5.67562506e-02, -3.63690928e-02, 2.33594105e-02,
       2.99286842e-02, -3.46561186e-02, 5.41950017e-02, 5.13101113e-04,
       2.13735998e-02, 7.37783778e-03, -1.65449698e-02, -3.62566337e-02,
       6.80907490e-03, 4.11304273e-02, 1.46680688e-02, 2.96526821e-03,
       -1.89612564e-02, 4.67819795e-02, 2.45744232e-02, -3.61887622e-04,
       3.58073823e-02, -1.31129322e-03, -1.46716274e-02, 2.11100001e-02,
       -2.01145168e-02, -5.84737696e-02, -2.87720319e-02,
       -2.05365922e-02, -3.44923548e-02, 2.51493007e-02, 6.07888727e-03,
       2.30971705e-02, -8.91185626e-02, 4.50000772e-03, 8.77696201e-02,
       6.85025156e-02, 7.50724180e-03, -1.63522512e-02, -1.64527807e-03,
       -6.22252636e-02, 4.73370263e-03, -7.92594336e-04, -7.60004222e-02,
       3.47046144e-02, -6.30723014e-02, 1.32906716e-02, -3.99955660e-02,
       4.93010804e-02, 2.95685465e-03, 2.07979679e-02, 3.54623422e-02,
       6.81373116e-04, 1.09772813e-02, 1.02187641e-01, 3.83825484e-03,
       -1.16809541e-02, -7.03011602e-02, -2.78307982e-02,
       -3.26780602e-02, -8.49772431e-03, 3.06985993e-03, -7.99392387e-02,
       -6.95990399e-02, 9.22270492e-02, -3.41839269e-02, -1.14302756e-02,
       1.10512814e-02, 6.91842958e-02, -1.22662280e-02, -7.04239635e-03,
       3.51957716e-02, -2.99332477e-02, 2.35364176e-02, -5.86840790e-04,
       8.85014683e-02, 2.17127614e-02, -7.01091439e-02, 3.39860320e-02,
       8.60460252e-02, 4.29110080e-02, 2.66262703e-02, -2.59917565e-02,
       4.98183407e-02, 7.74228275e-02, -3.67217115e-03, -3.57510075e-02,
       1.21681849e-02, 1.65182520e-02, 4.33152989e-02, -8.04811064e-03,
       -5.29385963e-03, 1.14339860e-02, 7.15399981e-02, 7.53006190e-02,
       -5.08294627e-02, -3.71806845e-02, -9.51725990e-02, 2.20459676e-03,
       2.58847829e-02, 3.31506804e-02, -1.03875324e-01, 5.78694493e-02,
       1.25999069e-02, 3.84373707e-03, -3.17359753e-02, -4.76809554e-02,
       -4.62688133e-02, 5.51626552e-03, 1.60146058e-02, -3.83745953e-02,
       3.38166431e-02, 1.06116701e-02, -2.71570943e-02, -2.19521690e-02,
       -2.70438138e-02, -7.77627341e-03, 6.44555315e-04, 7.95996040e-02,
       2.11047271e-04, 6.07970506e-02, 6.21446893e-02, -1.68863647e-02,
       9.66681913e-03, 3.19924613e-04, -8.96453112e-02, -4.77919541e-03,
       9.08792913e-02, -1.70392077e-02, 2.67347898e-02, 8.22832212e-02,
       5.31428382e-02, 1.28358668e-02, 1.05049843e-02, 3.56030539e-02,
       -5.40880784e-02, -1.12504782e-02, -7.28384312e-03,
       -2.45271549e-02, -4.30077128e-02, 2.00742893e-02, 2.01580711e-02,
       9.71773863e-02, 1.55946445e-02, 8.57762471e-02, -1.44182388e-02,
       -4.69992086e-02, 4.00665104e-02, 5.48079144e-03, -8.66697915e-03,
       -2.56210696e-02, 1.62338540e-02, -3.46966088e-02, -3.48762497e-02,
       -7.99996685e-03, -6.22180011e-03, -1.89915299e-02,
       -5.17347082e-02, 6.83391914e-02, -2.83020176e-02, -1.26532968e-02,
       -1.53090395e-02, 3.11205890e-02, -5.75651340e-02, -1.51563603e-02,
