%YAML:1.0
---
matrix: !!opencv-matrix
   rows: 1
   cols: 512
   dt: f
   data: [ -2.12203264e-02, 3.92894186e-02, -4.40843590e-02,
       -3.57518792e-02, -7.70229986e-03, -5.53808622e-02, 1.50243910e-02,
       -4.64659035e-02, -5.65081090e-03, -8.99156556e-02,
       -3.13947611e-02, 1.76464431e-02, -7.80006871e-03, -2.05865130e-02,
       -2.13206112e-02, -5.91750853e-02, -2.73567764e-03,
       -3.74535918e-02, 7.26906350e-03, 7.12613091e-02, -6.91228313e-03,
       2.91361939e-02, -9.13826691e-04, 2.37052049e-02, -9.27188620e-02,
       3.85073982e-02, -1.06267363e-03, 2.85259299e-02, -1.81460511e-02,
       2.93682399e-03, 9.32238158e-03, 9.90919471e-02, 8.67181108e-04,
       1.23633025e-02, 1.20099643e-02, 1.74394418e-02, 8.68334025e-02,
       -3.18572335e-02, 4.93211066e-03, -4.81370185e-03, -1.93992704e-02,
       1.20446226e-02, -5.06417044e-02, 3.51296850e-02, -3.29080708e-02,
       -1.62357129e-02, -3.72781828e-02, 2.14936957e-03, -3.01022567e-02,
       -1.23046674e-02, 1.33289900e-02, 8.61671288e-03, 1.54087041e-02,
       3.76846232e-02, 1.24026847e-03, -3.22769955e-02, -9.51511320e-03,
       3.18852742e-03, -8.74183923e-02, 1.23297544e-02, -5.42331429e-04,
       5.97561561e-02, -5.24450652e-02, -7.03749340e-03, 3.03850397e-02,
       -1.39618561e-01, 6.07690923e-02, -2.67818216e-02, 3.22721973e-02,
       1.34188896e-02, -2.35768035e-02, -5.34243174e-02, 2.55802018e-03,
       3.97925079e-02, -6.55110031e-02, 5.02108224e-02, -1.03353031e-01,
       -1.10008344e-02, 8.19570497e-02, -3.52059416e-02, -2.77836099e-02,
       9.06979013e-03, 6.95259590e-03, 8.51531420e-03, 2.11635884e-02,
       -1.00729717e-02, -7.89913014e-02, -1.44931406e-03, 1.09329717e-02,
       -1.89555902e-02, 2.48124842e-02, -6.73263445e-02, 2.07333304e-02,
       -4.43265773e-02, 8.25974047e-02, -1.33246891e-02, -4.98688146e-02,
       3.38762924e-02, -2.20244862e-02, 2.07500719e-02, 2.73036957e-02,
       1.79499462e-02, -1.87250823e-02, -5.09931035e-02, 3.64770517e-02,
       -3.88012342e-02, -5.25970794e-02, -5.31090759e-02, 1.14800204e-02,
       -6.38607666e-02, 2.36347057e-02, -4.88800444e-02, -4.32710536e-02,
       2.70183366e-02, -7.38200685e-03, -3.46403867e-02, 4.50411532e-03,
       -5.14709055e-02, 5.04907407e-03, -3.81580330e-02, 1.97044928e-02,
       -5.61738387e-02, 9.46716517e-02, 1.11171640e-01, 5.44745941e-03,
       -4.48939800e-02, 5.40005155e-02, -2.33526342e-02, -4.11591977e-02,
       3.06253638e-02, -9.03621723e-04, 9.29755624e-03, -5.45155779e-02,
       3.95132788e-02, -4.49866839e-02, -3.79356146e-02, 2.87567545e-02,
       -7.40776584e-03, -6.17538858e-03, -8.04070383e-03, 7.31145963e-03,
       6.79953769e-02, -2.42894739e-02, 1.34869209e-02, -4.97482643e-02,
       1.30180521e-02, 4.63119671e-02, -3.89330275e-02, -3.14537771e-02,
       -3.29765715e-02, -1.02406265e-02, 9.92430523e-02, 3.66272628e-02,
       -4.28491458e-02, 1.25837615e-02, 3.78560238e-02, -9.35668475e-04,
       3.51076387e-02, 4.60026488e-02, -3.04081701e-02, -1.12308022e-02,
       6.04942022e-03, 3.12329624e-02, 2.78104898e-02, -1.41812190e-02,
       8.80954415e-03, -2.28241440e-02, -4.33654524e-02, -7.79702738e-02,
       9.48020294e-02, 8.83232243e-03, 1.60681978e-02, 3.58507386e-03,
       1.06852442e-01, 1.13912791e-01, -1.16610539e-03, -1.72939263e-02,
       -1.95134860e-02, 4.42255661e-02, -8.62865001e-02, 1.24333747e-01,
       4.06545065e-02, -6.36169836e-02, 6.81574345e-02, -2.73836795e-02,
       3.90949026e-02, -7.20568001e-02, 4.42255102e-02, -3.37568857e-02,
       -3.59309502e-02, 4.91491407e-02, -2.02037096e-02, 1.47191938e-02,
       3.71144302e-02, 3.85295115e-02, -6.57502636e-02, 6.11411110e-02,
       6.20188005e-03, -7.37396553e-02, -8.79517421e-02, 9.62375924e-02,
       -5.53863235e-02, 6.07144311e-02, -4.31205593e-02, 1.21103600e-02,
       -2.22418457e-02, -3.59924249e-02, -7.60806650e-02, 2.42561549e-02,
       6.47505447e-02, 4.18274887e-02, 3.23872082e-02, 8.05074945e-02,
       2.82508321e-02, 4.52929456e-03, 7.26291537e-02, 5.92708290e-02,
       2.56623682e-02, 3.45835909e-02, 9.24832281e-03, 2.89373323e-02,
       -4.38218378e-02, -2.46444121e-02, 4.92560752e-02, 2.34720055e-02,
       -7.42524713e-02, -3.15892212e-02, 2.99279522e-02, 9.86972451e-03,
       1.77868679e-02, -2.32097264e-02, 6.22386299e-02, 3.98736261e-02,
       -3.37881856e-02, -3.13772745e-02, 3.61156426e-02, 4.00029533e-02,
       1.76014379e-02, -7.01831579e-02, -6.05083853e-02, -5.80049939e-02,
       -1.75493304e-02, 2.07461119e-02, -1.00289665e-01, -1.94264343e-03,
       -2.41668690e-02, 3.23051177e-02, 2.35399026e-02, -1.92289464e-02,
       -4.42703348e-03, 5.39769419e-02, -2.51568924e-03, -3.52151692e-02,
       4.94223200e-02, -6.02428168e-02, -4.65461658e-03, -8.59255902e-03,
       -1.73717216e-02, -9.65352356e-02, 1.44462446e-02, 3.49554569e-02,
       7.60501763e-03, -5.51242605e-02, 4.57795337e-02, 1.52286673e-02,
       4.91021089e-02, 1.66837145e-02, -4.23030788e-03, 2.37001330e-02,
       -1.30785943e-03, 3.91328745e-02, 1.83496643e-02, -3.59042101e-02,
       4.75849211e-02, -7.73181254e-03, 7.76163489e-02, -1.48570640e-02,
       -7.89841637e-03, 3.90090607e-02, -1.16255600e-02, -3.17909606e-02,
       6.86595291e-02, 3.86956185e-02, 6.71444312e-02, 4.37538512e-02,
       2.74474379e-02, -1.65881123e-02, -2.36466546e-02, -3.93596431e-03,
       3.57841738e-02, -8.10376555e-02, -2.21277066e-02, -2.55365316e-02,
       1.94012243e-02, -6.56759972e-03, 5.90321422e-02, -6.63916767e-02,
       -3.84018496e-02, -5.68279289e-02, -7.10203126e-03, 4.36673760e-02,
       -7.14366138e-02, 5.97327156e-03, -3.86721129e-03, 4.56584580e-02,
       7.13898893e-03, -6.62961304e-02, -2.99856961e-02, 4.67776172e-02,
       -2.91092531e-03, -2.93528624e-02, -2.76652779e-02,
       -4.21244241e-02, 1.96209885e-02, 4.56767753e-02, 9.05539766e-02,
       4.99274097e-02, -1.78648494e-02, 4.38267179e-02, 1.15767546e-01,
       3.37263569e-02, 2.74694581e-02, -3.08639351e-02, -2.13382626e-03,
       3.77366953e-02, -1.75706521e-02, -2.44434383e-02, 7.30916411e-02,
       -6.57374114e-02, 5.85177802e-02, 1.41041037e-02, -3.36986072e-02,
       2.39088740e-02, 5.25274407e-03, 7.86070526e-03, 1.27983578e-02,
       -1.43098300e-02, 1.19016301e-02, -9.60724950e-02, 4.61485190e-03,
       7.95961320e-02, -1.33914938e-02, -1.79930441e-02, -5.95612684e-03,
       -3.91949452e-02, 6.97476417e-02, -9.17582400e-03, 1.79449636e-02,
       5.98325953e-02, -5.09426817e-02, 1.96182076e-02, -8.32752697e-03,
       -4.28858958e-02, -1.25885773e-02, 1.75350849e-02, 7.20689893e-02,
       -1.36960195e-02, -1.64947286e-03, -3.40907671e-03, 4.40991186e-02,
       9.35916007e-02, -4.96024266e-02, -2.04063207e-02, -5.73331974e-02,
       7.03942031e-02, -1.57690067e-02, 3.30053717e-02, 4.74779643e-02,
       -8.46364256e-03, -3.89777981e-02, -1.00430414e-01, 4.81054895e-02,
       -4.12106030e-02, -2.54413579e-02, -2.36608759e-02,
       -4.92674485e-03, 4.12117951e-02, -4.50127386e-02, 5.30768139e-03,
       1.95977353e-02, -2.61103157e-02, -1.99998189e-02, 3.14764827e-02,
       6.37691701e-03, 3.92825492e-02, 4.50526066e-02, 3.41469534e-02,
       -7.39927217e-02, -5.90375140e-02, -8.63691866e-02, 9.06057563e-03,
       -2.35826392e-02, -2.71111224e-02, 5.17055057e-02, -4.60600629e-02,
       6.00687973e-02, -1.18516143e-02, -4.21366096e-02, 6.68945536e-02,
       -1.41545683e-02, 7.31969550e-02, -7.12578297e-02, -5.57914525e-02,
       4.65470627e-02, 3.54190692e-02, 8.41751415e-03, -2.57375930e-02,
       6.85324520e-02, 6.68435544e-02, -1.98205486e-02, 3.79204080e-02,
       -6.49638623e-02, 2.30779555e-02, -3.24947797e-02, 6.99479580e-02,
       -5.23047580e-04, -4.48202938e-02, 6.03628866e-02, 5.92072494e-02,
       -7.69528672e-02, 4.39427281e-03, 2.75942013e-02, -7.97667634e-03,
       -9.24236514e-03, 2.84075066e-02, -3.21374051e-02, 1.07883453e-01,
       3.99596356e-02, -7.88817927e-02, -4.76991944e-02, 2.44882107e-02,
