%YAML:1.0
---
matrix: !!opencv-matrix
   rows: 1
   cols: 512
   dt: f
   data: [ 2.39505637e-02, 5.17662354e-02, 7.29275588e-03,
       -1.32607296e-02, -4.14351327e-03, 3.25531177e-02, 6.14073174e-03,
       -2.42310800e-02, -1.12223215e-01, -1.04335370e-02,
       -1.66320726e-02, -1.54015524e-02, -4.56903428e-02,
       -1.60055123e-02, 9.60127935e-02, 1.02974568e-02, -3.39115560e-02,
       1.53062558e-02, -3.22583644e-03, 5.49145304e-02, -6.39831424e-02,
       -5.02635315e-02, -5.21614822e-03, 3.38253900e-02, -2.02952977e-02,
       -1.62315182e-02, 1.80267226e-02, -2.21702107e-03, 9.80913732e-03,
       1.33265434e-02, -4.76307981e-02, 4.18100841e-02, 7.30525032e-02,
       8.30202401e-02, 2.50187353e-03, -1.42355310e-02, -3.82617973e-02,
       4.74391244e-02, -7.83564746e-02, -7.38054141e-03, -6.02130853e-02,
       -1.17001953e-02, 3.76265235e-02, 7.73597285e-02, 2.62676757e-02,
       6.96078390e-02, 3.29433344e-02, 9.07708853e-02, -5.11673987e-02,
       3.96845192e-02, 3.72228725e-03, -4.49499041e-02, -6.68941662e-02,
       -4.28007655e-02, 7.67541816e-03, -9.81781166e-03, -4.14267033e-02,
       -8.73814225e-02, -3.33249196e-02, 7.00685009e-02, -1.83664225e-02,
       -5.47877140e-02, 1.25942063e-02, -5.11120297e-02, 1.63650245e-03,
       -8.88345356e-04, 5.89724183e-02, 9.91213098e-02, 4.54066135e-03,
       -4.22635190e-02, 2.06828434e-02, -3.99452187e-02, 2.92636845e-02,
       1.39952339e-02, -2.28943434e-04, -4.95715477e-02, 1.32209351e-02,
       1.21549899e-02, 7.44366869e-02, -1.95601322e-02, 6.04968742e-02,
       -5.48789352e-02, -1.66625786e-03, -6.00425564e-02, 8.58528540e-02,
       -3.35736386e-02, 4.54546846e-02, -8.24667793e-03, 3.76544856e-02,
       -1.06279580e-02, 2.11317129e-02, 4.82891127e-03, -4.46986109e-02,
       1.83340609e-02, 5.64795956e-02, -2.28628935e-03, 6.16601519e-02,
       3.41072269e-02, -1.01085065e-03, -7.67775849e-02, -1.18358321e-02,
       -3.98191530e-03, 2.62210295e-02, 5.67080788e-02, 4.58192453e-02,
       -7.56781548e-02, 3.84189934e-02, 8.30229092e-03, 1.52765885e-02,
       -7.11701391e-03, 2.02942807e-02, -8.69175717e-02, 3.28767821e-02,
       2.33569760e-02, -1.01589914e-02, 1.93637772e-03, 6.59256941e-03,
       -1.53047740e-01, 7.15855658e-02, 7.58992229e-03, -3.58827114e-02,
       -1.14147803e-02, 4.14405540e-02, 7.90683925e-02, 1.70804244e-02,
       -3.51647995e-02, 3.49770039e-02, 1.21745709e-02, 2.42954642e-02,
       -2.04417501e-02, -1.31991133e-03, -2.96280496e-02,
       -4.12623435e-02, 6.01074658e-02, -1.67464800e-02, -2.53896229e-02,
       -7.15043070e-03, -3.96876335e-02, -3.97995897e-02, 3.94567400e-02,
       -5.84566034e-02, -6.28652889e-03, -3.63920406e-02,
       -1.02237709e-01, -3.10503412e-02, -5.88177368e-02,
       -1.01362161e-01, 6.00070246e-02, -1.25519717e-02, 4.38916385e-02,
       -3.50807756e-02, -5.89270853e-02, -6.40368238e-02, 2.97671314e-02,
       -1.35551849e-02, -6.82375208e-03, -1.33988047e-02,
       -2.42032278e-02, -9.07926559e-02, -6.74234629e-02,
       -7.20015690e-02, -4.74887416e-02, -5.18046971e-03, 3.22186090e-02,
       9.53655466e-02, -8.57239217e-03, 4.97434661e-03, 6.20978922e-02,
       9.04914141e-02, -2.48579457e-02, 4.49536555e-02, 1.38666073e-04,
       2.81666918e-03, -3.65067869e-02, -2.07673479e-02, -2.48521138e-02,
       -8.63088444e-02, -1.31293451e-02, -1.00326866e-01,
       -5.57504892e-02, 4.11715508e-02, 1.27424800e-03, -5.36360182e-02,
       -4.34338339e-02, -6.44741803e-02, 1.12760495e-02, 9.00853872e-02,
       -7.28145067e-04, -2.30184500e-03, -3.59879807e-02, 1.82664581e-02,
       -1.76998228e-02, -7.26190954e-02, 7.12935254e-02, -6.16728654e-03,
       -1.41958743e-02, 7.24390820e-02, -3.69022861e-02, 8.05814285e-03,
       2.52313446e-02, 3.05830128e-02, 4.42280918e-02, 3.64653021e-02,
       -1.77259110e-02, -1.58592183e-02, 2.15041917e-02, 7.26917619e-03,
       3.23382989e-02, 3.82963382e-02, -8.05672165e-03, -7.61378556e-03,
       4.40912917e-02, 6.08168542e-03, 2.67259721e-02, -4.38868860e-03,
       -2.67283246e-02, 1.76982693e-02, -1.84195004e-02, -8.81430358e-02,
       1.78891998e-02, -8.38481709e-02, -1.26565378e-02, -2.07832381e-02,
       4.64016199e-02, -6.90750964e-03, 1.36614619e-02, 5.26553253e-03,
       4.40955199e-02, 5.62762730e-02, -2.11784523e-02, -3.33053358e-02,
       -3.63161489e-02, 8.86015035e-03, 5.61384857e-03, -3.14306282e-02,
       -9.98467207e-02, -2.43127383e-02, -7.83145800e-02, 2.62110531e-02,
       -9.00930092e-02, -3.21504660e-02, 3.97180989e-02, -5.25358617e-02,
       -9.91577655e-02, -5.82924709e-02, -2.23323926e-02, 3.33170965e-02,
       6.26468509e-02, -8.18054844e-03, 4.70607309e-03, 4.66311947e-02,
       2.16098428e-02, 2.13465169e-02, -4.60832240e-03, 2.91866604e-02,
       2.66827270e-02, 3.12501639e-02, -8.38254020e-02, -1.89812537e-02,
       2.63855401e-02, 8.08432549e-02, -2.96853073e-02, 7.00135250e-03,
       -5.09681590e-02, -7.62985572e-02, -6.11645877e-02, 2.56413035e-02,
       -1.60121247e-02, -5.29560521e-02, -9.71504429e-04,
       -8.73052515e-03, 5.99313900e-02, 1.32437539e-03, 4.86333147e-02,
       3.29389721e-02, 1.91687699e-02, 2.47183144e-02, 8.51268023e-02,
       -2.38302629e-03, -7.80267455e-03, 5.52691780e-02, 4.70243357e-02,
       4.04442027e-02, 1.53426621e-02, 3.09399422e-02, 5.10707404e-03,
       3.96536812e-02, 1.83173493e-02, 2.67805811e-02, 3.27602141e-02,
       1.81734506e-02, 3.80226364e-03, -5.36067002e-02, 2.85915136e-02,
       -2.05728021e-02, -2.49754172e-03, -3.98370102e-02, 6.46333471e-02,
       -2.58223210e-02, -6.56886026e-02, -5.63231744e-02,
       -2.79279780e-02, -7.71479122e-03, -2.13984139e-02, 8.44731331e-02,
       8.24651718e-02, -5.74010126e-02, 8.27311128e-02, 8.09801277e-03,
       -2.32797787e-02, -3.64175811e-02, -4.55294875e-03,
       -8.23820457e-02, 1.60597581e-02, 4.84341383e-02, -3.40320431e-02,
       -3.64146754e-02, 4.01170664e-02, 3.33105400e-02, -1.55439577e-03,
       -2.68154554e-02, -2.66138483e-02, -1.91151462e-02,
       -1.63161419e-02, -8.59150197e-03, 1.18844933e-03, -8.70993361e-02,
       6.69161677e-02, -2.77345628e-02, 3.00109200e-02, 2.33413894e-02,
       7.60258315e-03, 6.99560419e-02, -6.11888710e-03, 2.10061781e-02,
       1.83829311e-02, 5.07650040e-02, 1.25971027e-02, -2.46155672e-02,
       -5.66285141e-02, 1.89098064e-02, -6.51899818e-03, -1.42068164e-02,
       1.19267916e-02, -4.78921868e-02, 9.06348079e-02, 9.44274440e-02,
       -6.32225210e-03, -9.12808925e-02, -1.15010077e-02, 2.27291919e-02,
       -5.47436848e-02, 3.65010351e-02, 1.12647444e-01, -1.23617183e-02,
       1.91711623e-03, 1.87227502e-02, 4.61691897e-03, -3.38584781e-02,
       2.02157982e-02, -1.45185040e-02, -1.40088899e-02, -4.92043383e-02,
       -2.03022137e-02, 1.74727989e-03, 2.03530025e-02, -3.24165598e-02,
       3.31817754e-02, 1.21720254e-01, 9.50326771e-03, -3.18402462e-02,
       2.54449006e-02, -1.58159211e-02, 5.43779247e-02, -3.74912024e-02,
       5.46162724e-02, 3.94524969e-02, 4.32576388e-02, 5.56483380e-02,
       -5.08550555e-02, 7.05093369e-02, 3.93251032e-02, 7.03065395e-02,
       5.46602309e-02, -5.54708280e-02, 9.36471596e-02, 1.82035193e-02,
       -3.69253531e-02, 3.51741947e-02, 2.67911144e-02, 2.41603088e-02,
       3.72908786e-02, 3.79142873e-02, -6.84125954e-03, 6.52614702e-03,
       -2.41844989e-02, 2.94411331e-02, 4.72681820e-02, 1.68318283e-02,
       -1.61130587e-03, -1.06391609e-02, 2.39893962e-02, 2.47455500e-02,
       9.68464708e-04, -3.77652026e-03, -2.10971683e-02, -1.35868033e-02,
       -2.78169140e-02, 5.41811846e-02, 2.43512690e-02, -6.77870810e-02,
       -7.50951469e-02, 4.05375287e-02, -2.85604857e-02, 4.46461216e-02,
       5.38669936e-02, 5.61269000e-02, 3.47782411e-02, -2.86785904e-02,
       -4.38105837e-02, 2.71181893e-02, -4.67313528e-02, -9.12939832e-02,
       -3.45223583e-02, -3.63568664e-02, 3.51345055e-02, -3.15415449e-02,
       -1.67686364e-03, 7.04371277e-03, -2.70917583e-02, -8.71576834e-03,
